0 0 198 54
282 0 468 66
138 54 330 132
282 192 576 378
264 204 456 468
576 186 804 300
276 198 576 372
270 228 318 342
144 60 336 126
204 78 330 126
276 198 354 300
288 210 354 282
288 240 348 336
576 222 810 294
570 204 792 300
342 216 468 306
1068 252 1170 306
354 312 408 432
294 432 354 564
288 312 390 420
792 324 1194 486
1014 408 1188 474
1008 396 1194 492
966 396 1194 498
384 492 714 660
396 498 522 552
396 558 510 636
534 504 666 558
960 438 1032 516
1032 474 1194 546
1092 516 1194 582
1056 438 1194 516
0 486 276 564
774 516 954 576
582 522 774 570
816 588 870 696
0 558 300 702
978 540 1110 594
396 564 852 702
318 576 378 672
330 582 390 702
714 582 846 672
354 702 444 756
876 582 960 750
954 606 1020 708
1038 600 1194 648
1044 606 1194 690
954 600 1044 708
528 504 774 570
954 408 1008 552
954 408 1014 552
384 492 720 660
0 486 288 564
978 540 1110 600
978 540 1176 600
0 0 199 199
0 99 199 299
0 199 199 399
0 299 199 498
0 399 199 598
0 498 199 698
99 0 299 199
99 99 299 299
99 199 299 399
99 299 299 498
99 399 299 598
99 498 299 698
199 0 399 199
199 99 399 299
199 199 399 399
199 299 399 498
199 399 399 598
199 498 399 698
299 0 498 199
299 99 498 299
299 199 498 399
299 299 498 498
299 399 498 598
299 498 498 698
399 0 598 199
399 99 598 299
399 199 598 399
399 299 598 498
399 399 598 598
399 498 598 698
498 0 698 199
498 99 698 299
498 199 698 399
498 299 698 498
498 399 698 598
498 498 698 698
598 0 798 199
598 99 798 299
598 199 798 399
598 299 798 498
598 399 798 598
598 498 798 698
698 0 897 199
698 99 897 299
698 199 897 399
698 299 897 498
698 399 897 598
698 498 897 698
798 0 997 199
798 99 997 299
798 199 997 399
798 299 997 498
798 399 997 598
798 498 997 698
897 0 1097 199
897 99 1097 299
897 199 1097 399
897 299 1097 498
897 399 1097 598
897 498 1097 698
0 0 99 99
0 49 99 149
0 99 99 199
0 149 99 249
0 199 99 299
0 249 99 349
0 299 99 399
0 349 99 448
0 399 99 498
0 448 99 548
0 498 99 598
0 548 99 648
0 598 99 698
0 648 99 748
49 0 149 99
49 49 149 149
49 99 149 199
49 149 149 249
49 199 149 299
49 249 149 349
49 299 149 399
49 349 149 448
49 399 149 498
49 448 149 548
49 498 149 598
49 548 149 648
49 598 149 698
49 648 149 748
99 0 199 99
99 49 199 149
99 99 199 199
99 149 199 249
99 199 199 299
99 249 199 349
99 299 199 399
99 349 199 448
99 399 199 498
99 448 199 548
99 498 199 598
99 548 199 648
99 598 199 698
99 648 199 748
149 0 249 99
149 49 249 149
149 99 249 199
149 149 249 249
149 199 249 299
149 249 249 349
149 299 249 399
149 349 249 448
149 399 249 498
149 448 249 548
149 498 249 598
149 548 249 648
149 598 249 698
149 648 249 748
199 0 299 99
199 49 299 149
199 99 299 199
199 149 299 249
199 199 299 299
199 249 299 349
199 299 299 399
199 349 299 448
199 399 299 498
199 448 299 548
199 498 299 598
199 548 299 648
199 598 299 698
199 648 299 748
249 0 349 99
249 49 349 149
249 99 349 199
249 149 349 249
249 199 349 299
249 249 349 349
249 299 349 399
249 349 349 448
249 399 349 498
249 448 349 548
249 498 349 598
249 548 349 648
249 598 349 698
249 648 349 748
299 0 399 99
299 49 399 149
299 99 399 199
299 149 399 249
299 199 399 299
299 249 399 349
299 299 399 399
299 349 399 448
299 399 399 498
299 448 399 548
299 498 399 598
299 548 399 648
299 598 399 698
299 648 399 748
349 0 448 99
349 49 448 149
349 99 448 199
349 149 448 249
349 199 448 299
349 249 448 349
349 299 448 399
349 349 448 448
349 399 448 498
349 448 448 548
349 498 448 598
349 548 448 648
349 598 448 698
349 648 448 748
399 0 498 99
399 49 498 149
399 99 498 199
399 149 498 249
399 199 498 299
399 249 498 349
399 299 498 399
399 349 498 448
399 399 498 498
399 448 498 548
399 498 498 598
399 548 498 648
399 598 498 698
399 648 498 748
448 0 548 99
448 49 548 149
448 99 548 199
448 149 548 249
448 199 548 299
448 249 548 349
448 299 548 399
448 349 548 448
448 399 548 498
448 448 548 548
448 498 548 598
448 548 548 648
448 598 548 698
448 648 548 748
498 0 598 99
498 49 598 149
498 99 598 199
498 149 598 249
498 199 598 299
498 249 598 349
498 299 598 399
498 349 598 448
498 399 598 498
498 448 598 548
498 498 598 598
498 548 598 648
498 598 598 698
498 648 598 748
548 0 648 99
548 49 648 149
548 99 648 199
548 149 648 249
548 199 648 299
548 249 648 349
548 299 648 399
548 349 648 448
548 399 648 498
548 448 648 548
548 498 648 598
548 548 648 648
548 598 648 698
548 648 648 748
598 0 698 99
598 49 698 149
598 99 698 199
598 149 698 249
598 199 698 299
598 249 698 349
598 299 698 399
598 349 698 448
598 399 698 498
598 448 698 548
598 498 698 598
598 548 698 648
598 598 698 698
598 648 698 748
648 0 748 99
648 49 748 149
648 99 748 199
648 149 748 249
648 199 748 299
648 249 748 349
648 299 748 399
648 349 748 448
648 399 748 498
648 448 748 548
648 498 748 598
648 548 748 648
648 598 748 698
648 648 748 748
698 0 798 99
698 49 798 149
698 99 798 199
698 149 798 249
698 199 798 299
698 249 798 349
698 299 798 399
698 349 798 448
698 399 798 498
698 448 798 548
698 498 798 598
698 548 798 648
698 598 798 698
698 648 798 748
748 0 847 99
748 49 847 149
748 99 847 199
748 149 847 249
748 199 847 299
748 249 847 349
748 299 847 399
748 349 847 448
748 399 847 498
748 448 847 548
748 498 847 598
748 548 847 648
748 598 847 698
748 648 847 748
798 0 897 99
798 49 897 149
798 99 897 199
798 149 897 249
798 199 897 299
798 249 897 349
798 299 897 399
798 349 897 448
798 399 897 498
798 448 897 548
798 498 897 598
798 548 897 648
798 598 897 698
798 648 897 748
847 0 947 99
847 49 947 149
847 99 947 199
847 149 947 249
847 199 947 299
847 249 947 349
847 299 947 399
847 349 947 448
847 399 947 498
847 448 947 548
847 498 947 598
847 548 947 648
847 598 947 698
847 648 947 748
897 0 997 99
897 49 997 149
897 99 997 199
897 149 997 249
897 199 997 299
897 249 997 349
897 299 997 399
897 349 997 448
897 399 997 498
897 448 997 548
897 498 997 598
897 548 997 648
897 598 997 698
897 648 997 748
947 0 1047 99
947 49 1047 149
947 99 1047 199
947 149 1047 249
947 199 1047 299
947 249 1047 349
947 299 1047 399
947 349 1047 448
947 399 1047 498
947 448 1047 548
947 498 1047 598
947 548 1047 648
947 598 1047 698
947 648 1047 748
997 0 1097 99
997 49 1097 149
997 99 1097 199
997 149 1097 249
997 199 1097 299
997 249 1097 349
997 299 1097 399
997 349 1097 448
997 399 1097 498
997 448 1097 548
997 498 1097 598
997 548 1097 648
997 598 1097 698
997 648 1097 748
1047 0 1147 99
1047 49 1147 149
1047 99 1147 199
1047 149 1147 249
1047 199 1147 299
1047 249 1147 349
1047 299 1147 399
1047 349 1147 448
1047 399 1147 498
1047 448 1147 548
1047 498 1147 598
1047 548 1147 648
1047 598 1147 698
1047 648 1147 748
0 0 199 99
0 49 199 149
0 99 199 199
0 149 199 249
0 199 199 299
0 249 199 349
0 299 199 399
0 349 199 448
0 399 199 498
0 448 199 548
0 498 199 598
0 548 199 648
0 598 199 698
0 648 199 748
49 0 249 99
49 49 249 149
49 99 249 199
49 149 249 249
49 199 249 299
49 249 249 349
49 299 249 399
49 349 249 448
49 399 249 498
49 448 249 548
49 498 249 598
49 548 249 648
49 598 249 698
49 648 249 748
99 0 299 99
99 49 299 149
99 99 299 199
99 149 299 249
99 199 299 299
99 249 299 349
99 299 299 399
99 349 299 448
99 399 299 498
99 448 299 548
99 498 299 598
99 548 299 648
99 598 299 698
99 648 299 748
149 0 349 99
149 49 349 149
149 99 349 199
149 149 349 249
149 199 349 299
149 249 349 349
149 299 349 399
149 349 349 448
149 399 349 498
149 448 349 548
149 498 349 598
149 548 349 648
149 598 349 698
149 648 349 748
199 0 399 99
199 49 399 149
199 99 399 199
199 149 399 249
199 199 399 299
199 249 399 349
199 299 399 399
199 349 399 448
199 399 399 498
199 448 399 548
199 498 399 598
199 548 399 648
199 598 399 698
199 648 399 748
249 0 448 99
249 49 448 149
249 99 448 199
249 149 448 249
249 199 448 299
249 249 448 349
249 299 448 399
249 349 448 448
249 399 448 498
249 448 448 548
249 498 448 598
249 548 448 648
249 598 448 698
249 648 448 748
299 0 498 99
299 49 498 149
299 99 498 199
299 149 498 249
299 199 498 299
299 249 498 349
299 299 498 399
299 349 498 448
299 399 498 498
299 448 498 548
299 498 498 598
299 548 498 648
299 598 498 698
299 648 498 748
349 0 548 99
349 49 548 149
349 99 548 199
349 149 548 249
349 199 548 299
349 249 548 349
349 299 548 399
349 349 548 448
349 399 548 498
349 448 548 548
349 498 548 598
349 548 548 648
349 598 548 698
349 648 548 748
399 0 598 99
399 49 598 149
399 99 598 199
399 149 598 249
399 199 598 299
399 249 598 349
399 299 598 399
399 349 598 448
399 399 598 498
399 448 598 548
399 498 598 598
399 548 598 648
399 598 598 698
399 648 598 748
448 0 648 99
448 49 648 149
448 99 648 199
448 149 648 249
448 199 648 299
448 249 648 349
448 299 648 399
448 349 648 448
448 399 648 498
448 448 648 548
448 498 648 598
448 548 648 648
448 598 648 698
448 648 648 748
498 0 698 99
498 49 698 149
498 99 698 199
498 149 698 249
498 199 698 299
498 249 698 349
498 299 698 399
498 349 698 448
498 399 698 498
498 448 698 548
498 498 698 598
498 548 698 648
498 598 698 698
498 648 698 748
548 0 748 99
548 49 748 149
548 99 748 199
548 149 748 249
548 199 748 299
548 249 748 349
548 299 748 399
548 349 748 448
548 399 748 498
548 448 748 548
548 498 748 598
548 548 748 648
548 598 748 698
548 648 748 748
598 0 798 99
598 49 798 149
598 99 798 199
598 149 798 249
598 199 798 299
598 249 798 349
598 299 798 399
598 349 798 448
598 399 798 498
598 448 798 548
598 498 798 598
598 548 798 648
598 598 798 698
598 648 798 748
648 0 847 99
648 49 847 149
648 99 847 199
648 149 847 249
648 199 847 299
648 249 847 349
648 299 847 399
648 349 847 448
648 399 847 498
648 448 847 548
648 498 847 598
648 548 847 648
648 598 847 698
648 648 847 748
698 0 897 99
698 49 897 149
698 99 897 199
698 149 897 249
698 199 897 299
698 249 897 349
698 299 897 399
698 349 897 448
698 399 897 498
698 448 897 548
698 498 897 598
698 548 897 648
698 598 897 698
698 648 897 748
748 0 947 99
748 49 947 149
748 99 947 199
748 149 947 249
748 199 947 299
748 249 947 349
748 299 947 399
748 349 947 448
748 399 947 498
748 448 947 548
748 498 947 598
748 548 947 648
748 598 947 698
748 648 947 748
798 0 997 99
798 49 997 149
798 99 997 199
798 149 997 249
798 199 997 299
798 249 997 349
798 299 997 399
798 349 997 448
798 399 997 498
798 448 997 548
798 498 997 598
798 548 997 648
798 598 997 698
798 648 997 748
847 0 1047 99
847 49 1047 149
847 99 1047 199
847 149 1047 249
847 199 1047 299
847 249 1047 349
847 299 1047 399
847 349 1047 448
847 399 1047 498
847 448 1047 548
847 498 1047 598
847 548 1047 648
847 598 1047 698
847 648 1047 748
897 0 1097 99
897 49 1097 149
897 99 1097 199
897 149 1097 249
897 199 1097 299
897 249 1097 349
897 299 1097 399
897 349 1097 448
897 399 1097 498
897 448 1097 548
897 498 1097 598
897 548 1097 648
897 598 1097 698
897 648 1097 748
947 0 1147 99
947 49 1147 149
947 99 1147 199
947 149 1147 249
947 199 1147 299
947 249 1147 349
947 299 1147 399
947 349 1147 448
947 399 1147 498
947 448 1147 548
947 498 1147 598
947 548 1147 648
947 598 1147 698
947 648 1147 748
0 0 99 199
0 49 99 249
0 99 99 299
0 149 99 349
0 199 99 399
0 249 99 448
0 299 99 498
0 349 99 548
0 399 99 598
0 448 99 648
0 498 99 698
0 548 99 748
49 0 149 199
49 49 149 249
49 99 149 299
49 149 149 349
49 199 149 399
49 249 149 448
49 299 149 498
49 349 149 548
49 399 149 598
49 448 149 648
49 498 149 698
49 548 149 748
99 0 199 199
99 49 199 249
99 99 199 299
99 149 199 349
99 199 199 399
99 249 199 448
99 299 199 498
99 349 199 548
99 399 199 598
99 448 199 648
99 498 199 698
99 548 199 748
149 0 249 199
149 49 249 249
149 99 249 299
149 149 249 349
149 199 249 399
149 249 249 448
149 299 249 498
149 349 249 548
149 399 249 598
149 448 249 648
149 498 249 698
149 548 249 748
199 0 299 199
199 49 299 249
199 99 299 299
199 149 299 349
199 199 299 399
199 249 299 448
199 299 299 498
199 349 299 548
199 399 299 598
199 448 299 648
199 498 299 698
199 548 299 748
249 0 349 199
249 49 349 249
249 99 349 299
249 149 349 349
249 199 349 399
249 249 349 448
249 299 349 498
249 349 349 548
249 399 349 598
249 448 349 648
249 498 349 698
249 548 349 748
299 0 399 199
299 49 399 249
299 99 399 299
299 149 399 349
299 199 399 399
299 249 399 448
299 299 399 498
299 349 399 548
299 399 399 598
299 448 399 648
299 498 399 698
299 548 399 748
349 0 448 199
349 49 448 249
349 99 448 299
349 149 448 349
349 199 448 399
349 249 448 448
349 299 448 498
349 349 448 548
349 399 448 598
349 448 448 648
349 498 448 698
349 548 448 748
399 0 498 199
399 49 498 249
399 99 498 299
399 149 498 349
399 199 498 399
399 249 498 448
399 299 498 498
399 349 498 548
399 399 498 598
399 448 498 648
399 498 498 698
399 548 498 748
448 0 548 199
448 49 548 249
448 99 548 299
448 149 548 349
448 199 548 399
448 249 548 448
448 299 548 498
448 349 548 548
448 399 548 598
448 448 548 648
448 498 548 698
448 548 548 748
498 0 598 199
498 49 598 249
498 99 598 299
498 149 598 349
498 199 598 399
498 249 598 448
498 299 598 498
498 349 598 548
498 399 598 598
498 448 598 648
498 498 598 698
498 548 598 748
548 0 648 199
548 49 648 249
548 99 648 299
548 149 648 349
548 199 648 399
548 249 648 448
548 299 648 498
548 349 648 548
548 399 648 598
548 448 648 648
548 498 648 698
548 548 648 748
598 0 698 199
598 49 698 249
598 99 698 299
598 149 698 349
598 199 698 399
598 249 698 448
598 299 698 498
598 349 698 548
598 399 698 598
598 448 698 648
598 498 698 698
598 548 698 748
648 0 748 199
648 49 748 249
648 99 748 299
648 149 748 349
648 199 748 399
648 249 748 448
648 299 748 498
648 349 748 548
648 399 748 598
648 448 748 648
648 498 748 698
648 548 748 748
698 0 798 199
698 49 798 249
698 99 798 299
698 149 798 349
698 199 798 399
698 249 798 448
698 299 798 498
698 349 798 548
698 399 798 598
698 448 798 648
698 498 798 698
698 548 798 748
748 0 847 199
748 49 847 249
748 99 847 299
748 149 847 349
748 199 847 399
748 249 847 448
748 299 847 498
748 349 847 548
748 399 847 598
748 448 847 648
748 498 847 698
748 548 847 748
798 0 897 199
798 49 897 249
798 99 897 299
798 149 897 349
798 199 897 399
798 249 897 448
798 299 897 498
798 349 897 548
798 399 897 598
798 448 897 648
798 498 897 698
798 548 897 748
847 0 947 199
847 49 947 249
847 99 947 299
847 149 947 349
847 199 947 399
847 249 947 448
847 299 947 498
847 349 947 548
847 399 947 598
847 448 947 648
847 498 947 698
847 548 947 748
897 0 997 199
897 49 997 249
897 99 997 299
897 149 997 349
897 199 997 399
897 249 997 448
897 299 997 498
897 349 997 548
897 399 997 598
897 448 997 648
897 498 997 698
897 548 997 748
947 0 1047 199
947 49 1047 249
947 99 1047 299
947 149 1047 349
947 199 1047 399
947 249 1047 448
947 299 1047 498
947 349 1047 548
947 399 1047 598
947 448 1047 648
947 498 1047 698
947 548 1047 748
997 0 1097 199
997 49 1097 249
997 99 1097 299
997 149 1097 349
997 199 1097 399
997 249 1097 448
997 299 1097 498
997 349 1097 548
997 399 1097 598
997 448 1097 648
997 498 1097 698
997 548 1097 748
1047 0 1147 199
1047 49 1147 249
1047 99 1147 299
1047 149 1147 349
1047 199 1147 399
1047 249 1147 448
1047 299 1147 498
1047 349 1147 548
1047 399 1147 598
1047 448 1147 648
1047 498 1147 698
1047 548 1147 748
0 0 99 49
0 24 99 74
0 49 99 99
0 74 99 124
0 99 99 149
0 124 99 174
0 149 99 199
0 174 99 224
0 199 99 249
0 224 99 274
0 249 99 299
0 274 99 324
0 299 99 349
0 324 99 374
0 349 99 399
0 374 99 423
0 399 99 448
0 423 99 473
0 448 99 498
0 473 99 523
0 498 99 548
0 523 99 573
0 548 99 598
0 573 99 623
0 598 99 648
0 623 99 673
0 648 99 698
0 673 99 723
0 698 99 748
0 723 99 773
24 0 124 49
24 24 124 74
24 49 124 99
24 74 124 124
24 99 124 149
24 124 124 174
24 149 124 199
24 174 124 224
24 199 124 249
24 224 124 274
24 249 124 299
24 274 124 324
24 299 124 349
24 324 124 374
24 349 124 399
24 374 124 423
24 399 124 448
24 423 124 473
24 448 124 498
24 473 124 523
24 498 124 548
24 523 124 573
24 548 124 598
24 573 124 623
24 598 124 648
24 623 124 673
24 648 124 698
24 673 124 723
24 698 124 748
24 723 124 773
49 0 149 49
49 24 149 74
49 49 149 99
49 74 149 124
49 99 149 149
49 124 149 174
49 149 149 199
49 174 149 224
49 199 149 249
49 224 149 274
49 249 149 299
49 274 149 324
49 299 149 349
49 324 149 374
49 349 149 399
49 374 149 423
49 399 149 448
49 423 149 473
49 448 149 498
49 473 149 523
49 498 149 548
49 523 149 573
49 548 149 598
49 573 149 623
49 598 149 648
49 623 149 673
49 648 149 698
49 673 149 723
49 698 149 748
49 723 149 773
74 0 174 49
74 24 174 74
74 49 174 99
74 74 174 124
74 99 174 149
74 124 174 174
74 149 174 199
74 174 174 224
74 199 174 249
74 224 174 274
74 249 174 299
74 274 174 324
74 299 174 349
74 324 174 374
74 349 174 399
74 374 174 423
74 399 174 448
74 423 174 473
74 448 174 498
74 473 174 523
74 498 174 548
74 523 174 573
74 548 174 598
74 573 174 623
74 598 174 648
74 623 174 673
74 648 174 698
74 673 174 723
74 698 174 748
74 723 174 773
99 0 199 49
99 24 199 74
99 49 199 99
99 74 199 124
99 99 199 149
99 124 199 174
99 149 199 199
99 174 199 224
99 199 199 249
99 224 199 274
99 249 199 299
99 274 199 324
99 299 199 349
99 324 199 374
99 349 199 399
99 374 199 423
99 399 199 448
99 423 199 473
99 448 199 498
99 473 199 523
99 498 199 548
99 523 199 573
99 548 199 598
99 573 199 623
99 598 199 648
99 623 199 673
99 648 199 698
99 673 199 723
99 698 199 748
99 723 199 773
124 0 224 49
124 24 224 74
124 49 224 99
124 74 224 124
124 99 224 149
124 124 224 174
124 149 224 199
124 174 224 224
124 199 224 249
124 224 224 274
124 249 224 299
124 274 224 324
124 299 224 349
124 324 224 374
124 349 224 399
124 374 224 423
124 399 224 448
124 423 224 473
124 448 224 498
124 473 224 523
124 498 224 548
124 523 224 573
124 548 224 598
124 573 224 623
124 598 224 648
124 623 224 673
124 648 224 698
124 673 224 723
124 698 224 748
124 723 224 773
149 0 249 49
149 24 249 74
149 49 249 99
149 74 249 124
149 99 249 149
149 124 249 174
149 149 249 199
149 174 249 224
149 199 249 249
149 224 249 274
149 249 249 299
149 274 249 324
149 299 249 349
149 324 249 374
149 349 249 399
149 374 249 423
149 399 249 448
149 423 249 473
149 448 249 498
149 473 249 523
149 498 249 548
149 523 249 573
149 548 249 598
149 573 249 623
149 598 249 648
149 623 249 673
149 648 249 698
149 673 249 723
149 698 249 748
149 723 249 773
174 0 274 49
174 24 274 74
174 49 274 99
174 74 274 124
174 99 274 149
174 124 274 174
174 149 274 199
174 174 274 224
174 199 274 249
174 224 274 274
174 249 274 299
174 274 274 324
174 299 274 349
174 324 274 374
174 349 274 399
174 374 274 423
174 399 274 448
174 423 274 473
174 448 274 498
174 473 274 523
174 498 274 548
174 523 274 573
174 548 274 598
174 573 274 623
174 598 274 648
174 623 274 673
174 648 274 698
174 673 274 723
174 698 274 748
174 723 274 773
199 0 299 49
199 24 299 74
199 49 299 99
199 74 299 124
199 99 299 149
199 124 299 174
199 149 299 199
199 174 299 224
199 199 299 249
199 224 299 274
199 249 299 299
199 274 299 324
199 299 299 349
199 324 299 374
199 349 299 399
199 374 299 423
199 399 299 448
199 423 299 473
199 448 299 498
199 473 299 523
199 498 299 548
199 523 299 573
199 548 299 598
199 573 299 623
199 598 299 648
199 623 299 673
199 648 299 698
199 673 299 723
199 698 299 748
199 723 299 773
224 0 324 49
224 24 324 74
224 49 324 99
224 74 324 124
224 99 324 149
224 124 324 174
224 149 324 199
224 174 324 224
224 199 324 249
224 224 324 274
224 249 324 299
224 274 324 324
224 299 324 349
224 324 324 374
224 349 324 399
224 374 324 423
224 399 324 448
224 423 324 473
224 448 324 498
224 473 324 523
224 498 324 548
224 523 324 573
224 548 324 598
224 573 324 623
224 598 324 648
224 623 324 673
224 648 324 698
224 673 324 723
224 698 324 748
224 723 324 773
249 0 349 49
249 24 349 74
249 49 349 99
249 74 349 124
249 99 349 149
249 124 349 174
249 149 349 199
249 174 349 224
249 199 349 249
249 224 349 274
249 249 349 299
249 274 349 324
249 299 349 349
249 324 349 374
249 349 349 399
249 374 349 423
249 399 349 448
249 423 349 473
249 448 349 498
249 473 349 523
249 498 349 548
249 523 349 573
249 548 349 598
249 573 349 623
249 598 349 648
249 623 349 673
249 648 349 698
249 673 349 723
249 698 349 748
249 723 349 773
274 0 374 49
274 24 374 74
274 49 374 99
274 74 374 124
274 99 374 149
274 124 374 174
274 149 374 199
274 174 374 224
274 199 374 249
274 224 374 274
274 249 374 299
274 274 374 324
274 299 374 349
274 324 374 374
274 349 374 399
274 374 374 423
274 399 374 448
274 423 374 473
274 448 374 498
274 473 374 523
274 498 374 548
274 523 374 573
274 548 374 598
274 573 374 623
274 598 374 648
274 623 374 673
274 648 374 698
274 673 374 723
274 698 374 748
274 723 374 773
299 0 399 49
299 24 399 74
299 49 399 99
299 74 399 124
299 99 399 149
299 124 399 174
299 149 399 199
299 174 399 224
299 199 399 249
299 224 399 274
299 249 399 299
299 274 399 324
299 299 399 349
299 324 399 374
299 349 399 399
299 374 399 423
299 399 399 448
299 423 399 473
299 448 399 498
299 473 399 523
299 498 399 548
299 523 399 573
299 548 399 598
299 573 399 623
299 598 399 648
299 623 399 673
299 648 399 698
299 673 399 723
299 698 399 748
299 723 399 773
324 0 423 49
324 24 423 74
324 49 423 99
324 74 423 124
324 99 423 149
324 124 423 174
324 149 423 199
324 174 423 224
324 199 423 249
324 224 423 274
324 249 423 299
324 274 423 324
324 299 423 349
324 324 423 374
324 349 423 399
324 374 423 423
324 399 423 448
324 423 423 473
324 448 423 498
324 473 423 523
324 498 423 548
324 523 423 573
324 548 423 598
324 573 423 623
324 598 423 648
324 623 423 673
324 648 423 698
324 673 423 723
324 698 423 748
324 723 423 773
349 0 448 49
349 24 448 74
349 49 448 99
349 74 448 124
349 99 448 149
349 124 448 174
349 149 448 199
349 174 448 224
349 199 448 249
349 224 448 274
349 249 448 299
349 274 448 324
349 299 448 349
349 324 448 374
349 349 448 399
349 374 448 423
349 399 448 448
349 423 448 473
349 448 448 498
349 473 448 523
349 498 448 548
349 523 448 573
349 548 448 598
349 573 448 623
349 598 448 648
349 623 448 673
349 648 448 698
349 673 448 723
349 698 448 748
349 723 448 773
374 0 473 49
374 24 473 74
374 49 473 99
374 74 473 124
374 99 473 149
374 124 473 174
374 149 473 199
374 174 473 224
374 199 473 249
374 224 473 274
374 249 473 299
374 274 473 324
374 299 473 349
374 324 473 374
374 349 473 399
374 374 473 423
374 399 473 448
374 423 473 473
374 448 473 498
374 473 473 523
374 498 473 548
374 523 473 573
374 548 473 598
374 573 473 623
374 598 473 648
374 623 473 673
374 648 473 698
374 673 473 723
374 698 473 748
374 723 473 773
399 0 498 49
399 24 498 74
399 49 498 99
399 74 498 124
399 99 498 149
399 124 498 174
399 149 498 199
399 174 498 224
399 199 498 249
399 224 498 274
399 249 498 299
399 274 498 324
399 299 498 349
399 324 498 374
399 349 498 399
399 374 498 423
399 399 498 448
399 423 498 473
399 448 498 498
399 473 498 523
399 498 498 548
399 523 498 573
399 548 498 598
399 573 498 623
399 598 498 648
399 623 498 673
399 648 498 698
399 673 498 723
399 698 498 748
399 723 498 773
423 0 523 49
423 24 523 74
423 49 523 99
423 74 523 124
423 99 523 149
423 124 523 174
423 149 523 199
423 174 523 224
423 199 523 249
423 224 523 274
423 249 523 299
423 274 523 324
423 299 523 349
423 324 523 374
423 349 523 399
423 374 523 423
423 399 523 448
423 423 523 473
423 448 523 498
423 473 523 523
423 498 523 548
423 523 523 573
423 548 523 598
423 573 523 623
423 598 523 648
423 623 523 673
423 648 523 698
423 673 523 723
423 698 523 748
423 723 523 773
448 0 548 49
448 24 548 74
448 49 548 99
448 74 548 124
448 99 548 149
448 124 548 174
448 149 548 199
448 174 548 224
448 199 548 249
448 224 548 274
448 249 548 299
448 274 548 324
448 299 548 349
448 324 548 374
448 349 548 399
448 374 548 423
448 399 548 448
448 423 548 473
448 448 548 498
448 473 548 523
448 498 548 548
448 523 548 573
448 548 548 598
448 573 548 623
448 598 548 648
448 623 548 673
448 648 548 698
448 673 548 723
448 698 548 748
448 723 548 773
473 0 573 49
473 24 573 74
473 49 573 99
473 74 573 124
473 99 573 149
473 124 573 174
473 149 573 199
473 174 573 224
473 199 573 249
473 224 573 274
473 249 573 299
473 274 573 324
473 299 573 349
473 324 573 374
473 349 573 399
473 374 573 423
473 399 573 448
473 423 573 473
473 448 573 498
473 473 573 523
473 498 573 548
473 523 573 573
473 548 573 598
473 573 573 623
473 598 573 648
473 623 573 673
473 648 573 698
473 673 573 723
473 698 573 748
473 723 573 773
498 0 598 49
498 24 598 74
498 49 598 99
498 74 598 124
498 99 598 149
498 124 598 174
498 149 598 199
498 174 598 224
498 199 598 249
498 224 598 274
498 249 598 299
498 274 598 324
498 299 598 349
498 324 598 374
498 349 598 399
498 374 598 423
498 399 598 448
498 423 598 473
498 448 598 498
498 473 598 523
498 498 598 548
498 523 598 573
498 548 598 598
498 573 598 623
498 598 598 648
498 623 598 673
498 648 598 698
498 673 598 723
498 698 598 748
498 723 598 773
523 0 623 49
523 24 623 74
523 49 623 99
523 74 623 124
523 99 623 149
523 124 623 174
523 149 623 199
523 174 623 224
523 199 623 249
523 224 623 274
523 249 623 299
523 274 623 324
523 299 623 349
523 324 623 374
523 349 623 399
523 374 623 423
523 399 623 448
523 423 623 473
523 448 623 498
523 473 623 523
523 498 623 548
523 523 623 573
523 548 623 598
523 573 623 623
523 598 623 648
523 623 623 673
523 648 623 698
523 673 623 723
523 698 623 748
523 723 623 773
548 0 648 49
548 24 648 74
548 49 648 99
548 74 648 124
548 99 648 149
548 124 648 174
548 149 648 199
548 174 648 224
548 199 648 249
548 224 648 274
548 249 648 299
548 274 648 324
548 299 648 349
548 324 648 374
548 349 648 399
548 374 648 423
548 399 648 448
548 423 648 473
548 448 648 498
548 473 648 523
548 498 648 548
548 523 648 573
548 548 648 598
548 573 648 623
548 598 648 648
548 623 648 673
548 648 648 698
548 673 648 723
548 698 648 748
548 723 648 773
573 0 673 49
573 24 673 74
573 49 673 99
573 74 673 124
573 99 673 149
573 124 673 174
573 149 673 199
573 174 673 224
573 199 673 249
573 224 673 274
573 249 673 299
573 274 673 324
573 299 673 349
573 324 673 374
573 349 673 399
573 374 673 423
573 399 673 448
573 423 673 473
573 448 673 498
573 473 673 523
573 498 673 548
573 523 673 573
573 548 673 598
573 573 673 623
573 598 673 648
573 623 673 673
573 648 673 698
573 673 673 723
573 698 673 748
573 723 673 773
598 0 698 49
598 24 698 74
598 49 698 99
598 74 698 124
598 99 698 149
598 124 698 174
598 149 698 199
598 174 698 224
598 199 698 249
598 224 698 274
598 249 698 299
598 274 698 324
598 299 698 349
598 324 698 374
598 349 698 399
598 374 698 423
598 399 698 448
598 423 698 473
598 448 698 498
598 473 698 523
598 498 698 548
598 523 698 573
598 548 698 598
598 573 698 623
598 598 698 648
598 623 698 673
598 648 698 698
598 673 698 723
598 698 698 748
598 723 698 773
623 0 723 49
623 24 723 74
623 49 723 99
623 74 723 124
623 99 723 149
623 124 723 174
623 149 723 199
623 174 723 224
623 199 723 249
623 224 723 274
623 249 723 299
623 274 723 324
623 299 723 349
623 324 723 374
623 349 723 399
623 374 723 423
623 399 723 448
623 423 723 473
623 448 723 498
623 473 723 523
623 498 723 548
623 523 723 573
623 548 723 598
623 573 723 623
623 598 723 648
623 623 723 673
623 648 723 698
623 673 723 723
623 698 723 748
623 723 723 773
648 0 748 49
648 24 748 74
648 49 748 99
648 74 748 124
648 99 748 149
648 124 748 174
648 149 748 199
648 174 748 224
648 199 748 249
648 224 748 274
648 249 748 299
648 274 748 324
648 299 748 349
648 324 748 374
648 349 748 399
648 374 748 423
648 399 748 448
648 423 748 473
648 448 748 498
648 473 748 523
648 498 748 548
648 523 748 573
648 548 748 598
648 573 748 623
648 598 748 648
648 623 748 673
648 648 748 698
648 673 748 723
648 698 748 748
648 723 748 773
673 0 773 49
673 24 773 74
673 49 773 99
673 74 773 124
673 99 773 149
673 124 773 174
673 149 773 199
673 174 773 224
673 199 773 249
673 224 773 274
673 249 773 299
673 274 773 324
673 299 773 349
673 324 773 374
673 349 773 399
673 374 773 423
673 399 773 448
673 423 773 473
673 448 773 498
673 473 773 523
673 498 773 548
673 523 773 573
673 548 773 598
673 573 773 623
673 598 773 648
673 623 773 673
673 648 773 698
673 673 773 723
673 698 773 748
673 723 773 773
698 0 798 49
698 24 798 74
698 49 798 99
698 74 798 124
698 99 798 149
698 124 798 174
698 149 798 199
698 174 798 224
698 199 798 249
698 224 798 274
698 249 798 299
698 274 798 324
698 299 798 349
698 324 798 374
698 349 798 399
698 374 798 423
698 399 798 448
698 423 798 473
698 448 798 498
698 473 798 523
698 498 798 548
698 523 798 573
698 548 798 598
698 573 798 623
698 598 798 648
698 623 798 673
698 648 798 698
698 673 798 723
698 698 798 748
698 723 798 773
723 0 822 49
723 24 822 74
723 49 822 99
723 74 822 124
723 99 822 149
723 124 822 174
723 149 822 199
723 174 822 224
723 199 822 249
723 224 822 274
723 249 822 299
723 274 822 324
723 299 822 349
723 324 822 374
723 349 822 399
723 374 822 423
723 399 822 448
723 423 822 473
723 448 822 498
723 473 822 523
723 498 822 548
723 523 822 573
723 548 822 598
723 573 822 623
723 598 822 648
723 623 822 673
723 648 822 698
723 673 822 723
723 698 822 748
723 723 822 773
748 0 847 49
748 24 847 74
748 49 847 99
748 74 847 124
748 99 847 149
748 124 847 174
748 149 847 199
748 174 847 224
748 199 847 249
748 224 847 274
748 249 847 299
748 274 847 324
748 299 847 349
748 324 847 374
748 349 847 399
748 374 847 423
748 399 847 448
748 423 847 473
748 448 847 498
748 473 847 523
748 498 847 548
748 523 847 573
748 548 847 598
748 573 847 623
748 598 847 648
748 623 847 673
748 648 847 698
748 673 847 723
748 698 847 748
748 723 847 773
773 0 872 49
773 24 872 74
773 49 872 99
773 74 872 124
773 99 872 149
773 124 872 174
773 149 872 199
773 174 872 224
773 199 872 249
773 224 872 274
773 249 872 299
773 274 872 324
773 299 872 349
773 324 872 374
773 349 872 399
773 374 872 423
773 399 872 448
773 423 872 473
773 448 872 498
773 473 872 523
773 498 872 548
773 523 872 573
773 548 872 598
773 573 872 623
773 598 872 648
773 623 872 673
773 648 872 698
773 673 872 723
773 698 872 748
773 723 872 773
798 0 897 49
798 24 897 74
798 49 897 99
798 74 897 124
798 99 897 149
798 124 897 174
798 149 897 199
798 174 897 224
798 199 897 249
798 224 897 274
798 249 897 299
798 274 897 324
798 299 897 349
798 324 897 374
798 349 897 399
798 374 897 423
798 399 897 448
798 423 897 473
798 448 897 498
798 473 897 523
798 498 897 548
798 523 897 573
798 548 897 598
798 573 897 623
798 598 897 648
798 623 897 673
798 648 897 698
798 673 897 723
798 698 897 748
798 723 897 773
822 0 922 49
822 24 922 74
822 49 922 99
822 74 922 124
822 99 922 149
822 124 922 174
822 149 922 199
822 174 922 224
822 199 922 249
822 224 922 274
822 249 922 299
822 274 922 324
822 299 922 349
822 324 922 374
822 349 922 399
822 374 922 423
822 399 922 448
822 423 922 473
822 448 922 498
822 473 922 523
822 498 922 548
822 523 922 573
822 548 922 598
822 573 922 623
822 598 922 648
822 623 922 673
822 648 922 698
822 673 922 723
822 698 922 748
822 723 922 773
847 0 947 49
847 24 947 74
847 49 947 99
847 74 947 124
847 99 947 149
847 124 947 174
847 149 947 199
847 174 947 224
847 199 947 249
847 224 947 274
847 249 947 299
847 274 947 324
847 299 947 349
847 324 947 374
847 349 947 399
847 374 947 423
847 399 947 448
847 423 947 473
847 448 947 498
847 473 947 523
847 498 947 548
847 523 947 573
847 548 947 598
847 573 947 623
847 598 947 648
847 623 947 673
847 648 947 698
847 673 947 723
847 698 947 748
847 723 947 773
872 0 972 49
872 24 972 74
872 49 972 99
872 74 972 124
872 99 972 149
872 124 972 174
872 149 972 199
872 174 972 224
872 199 972 249
872 224 972 274
872 249 972 299
872 274 972 324
872 299 972 349
872 324 972 374
872 349 972 399
872 374 972 423
872 399 972 448
872 423 972 473
872 448 972 498
872 473 972 523
872 498 972 548
872 523 972 573
872 548 972 598
872 573 972 623
872 598 972 648
872 623 972 673
872 648 972 698
872 673 972 723
872 698 972 748
872 723 972 773
897 0 997 49
897 24 997 74
897 49 997 99
897 74 997 124
897 99 997 149
897 124 997 174
897 149 997 199
897 174 997 224
897 199 997 249
897 224 997 274
897 249 997 299
897 274 997 324
897 299 997 349
897 324 997 374
897 349 997 399
897 374 997 423
897 399 997 448
897 423 997 473
897 448 997 498
897 473 997 523
897 498 997 548
897 523 997 573
897 548 997 598
897 573 997 623
897 598 997 648
897 623 997 673
897 648 997 698
897 673 997 723
897 698 997 748
897 723 997 773
922 0 1022 49
922 24 1022 74
922 49 1022 99
922 74 1022 124
922 99 1022 149
922 124 1022 174
922 149 1022 199
922 174 1022 224
922 199 1022 249
922 224 1022 274
922 249 1022 299
922 274 1022 324
922 299 1022 349
922 324 1022 374
922 349 1022 399
922 374 1022 423
922 399 1022 448
922 423 1022 473
922 448 1022 498
922 473 1022 523
922 498 1022 548
922 523 1022 573
922 548 1022 598
922 573 1022 623
922 598 1022 648
922 623 1022 673
922 648 1022 698
922 673 1022 723
922 698 1022 748
922 723 1022 773
947 0 1047 49
947 24 1047 74
947 49 1047 99
947 74 1047 124
947 99 1047 149
947 124 1047 174
947 149 1047 199
947 174 1047 224
947 199 1047 249
947 224 1047 274
947 249 1047 299
947 274 1047 324
947 299 1047 349
947 324 1047 374
947 349 1047 399
947 374 1047 423
947 399 1047 448
947 423 1047 473
947 448 1047 498
947 473 1047 523
947 498 1047 548
947 523 1047 573
947 548 1047 598
947 573 1047 623
947 598 1047 648
947 623 1047 673
947 648 1047 698
947 673 1047 723
947 698 1047 748
947 723 1047 773
972 0 1072 49
972 24 1072 74
972 49 1072 99
972 74 1072 124
972 99 1072 149
972 124 1072 174
972 149 1072 199
972 174 1072 224
972 199 1072 249
972 224 1072 274
972 249 1072 299
972 274 1072 324
972 299 1072 349
972 324 1072 374
972 349 1072 399
972 374 1072 423
972 399 1072 448
972 423 1072 473
972 448 1072 498
972 473 1072 523
972 498 1072 548
972 523 1072 573
972 548 1072 598
972 573 1072 623
972 598 1072 648
972 623 1072 673
972 648 1072 698
972 673 1072 723
972 698 1072 748
972 723 1072 773
997 0 1097 49
997 24 1097 74
997 49 1097 99
997 74 1097 124
997 99 1097 149
997 124 1097 174
997 149 1097 199
997 174 1097 224
997 199 1097 249
997 224 1097 274
997 249 1097 299
997 274 1097 324
997 299 1097 349
997 324 1097 374
997 349 1097 399
997 374 1097 423
997 399 1097 448
997 423 1097 473
997 448 1097 498
997 473 1097 523
997 498 1097 548
997 523 1097 573
997 548 1097 598
997 573 1097 623
997 598 1097 648
997 623 1097 673
997 648 1097 698
997 673 1097 723
997 698 1097 748
997 723 1097 773
1022 0 1122 49
1022 24 1122 74
1022 49 1122 99
1022 74 1122 124
1022 99 1122 149
1022 124 1122 174
1022 149 1122 199
1022 174 1122 224
1022 199 1122 249
1022 224 1122 274
1022 249 1122 299
1022 274 1122 324
1022 299 1122 349
1022 324 1122 374
1022 349 1122 399
1022 374 1122 423
1022 399 1122 448
1022 423 1122 473
1022 448 1122 498
1022 473 1122 523
1022 498 1122 548
1022 523 1122 573
1022 548 1122 598
1022 573 1122 623
1022 598 1122 648
1022 623 1122 673
1022 648 1122 698
1022 673 1122 723
1022 698 1122 748
1022 723 1122 773
1047 0 1147 49
1047 24 1147 74
1047 49 1147 99
1047 74 1147 124
1047 99 1147 149
1047 124 1147 174
1047 149 1147 199
1047 174 1147 224
1047 199 1147 249
1047 224 1147 274
1047 249 1147 299
1047 274 1147 324
1047 299 1147 349
1047 324 1147 374
1047 349 1147 399
1047 374 1147 423
1047 399 1147 448
1047 423 1147 473
1047 448 1147 498
1047 473 1147 523
1047 498 1147 548
1047 523 1147 573
1047 548 1147 598
1047 573 1147 623
1047 598 1147 648
1047 623 1147 673
1047 648 1147 698
1047 673 1147 723
1047 698 1147 748
1047 723 1147 773
1072 0 1172 49
1072 24 1172 74
1072 49 1172 99
1072 74 1172 124
1072 99 1172 149
1072 124 1172 174
1072 149 1172 199
1072 174 1172 224
1072 199 1172 249
1072 224 1172 274
1072 249 1172 299
1072 274 1172 324
1072 299 1172 349
1072 324 1172 374
1072 349 1172 399
1072 374 1172 423
1072 399 1172 448
1072 423 1172 473
1072 448 1172 498
1072 473 1172 523
1072 498 1172 548
1072 523 1172 573
1072 548 1172 598
1072 573 1172 623
1072 598 1172 648
1072 623 1172 673
1072 648 1172 698
1072 673 1172 723
1072 698 1172 748
1072 723 1172 773
0 0 49 99
0 24 49 124
0 49 49 149
0 74 49 174
0 99 49 199
0 124 49 224
0 149 49 249
0 174 49 274
0 199 49 299
0 224 49 324
0 249 49 349
0 274 49 374
0 299 49 399
0 324 49 423
0 349 49 448
0 374 49 473
0 399 49 498
0 423 49 523
0 448 49 548
0 473 49 573
0 498 49 598
0 523 49 623
0 548 49 648
0 573 49 673
0 598 49 698
0 623 49 723
0 648 49 748
0 673 49 773
24 0 74 99
24 24 74 124
24 49 74 149
24 74 74 174
24 99 74 199
24 124 74 224
24 149 74 249
24 174 74 274
24 199 74 299
24 224 74 324
24 249 74 349
24 274 74 374
24 299 74 399
24 324 74 423
24 349 74 448
24 374 74 473
24 399 74 498
24 423 74 523
24 448 74 548
24 473 74 573
24 498 74 598
24 523 74 623
24 548 74 648
24 573 74 673
24 598 74 698
24 623 74 723
24 648 74 748
24 673 74 773
49 0 99 99
49 24 99 124
49 49 99 149
49 74 99 174
49 99 99 199
49 124 99 224
49 149 99 249
49 174 99 274
49 199 99 299
49 224 99 324
49 249 99 349
49 274 99 374
49 299 99 399
49 324 99 423
49 349 99 448
49 374 99 473
49 399 99 498
49 423 99 523
49 448 99 548
49 473 99 573
49 498 99 598
49 523 99 623
49 548 99 648
49 573 99 673
49 598 99 698
49 623 99 723
49 648 99 748
49 673 99 773
74 0 124 99
74 24 124 124
74 49 124 149
74 74 124 174
74 99 124 199
74 124 124 224
74 149 124 249
74 174 124 274
74 199 124 299
74 224 124 324
74 249 124 349
74 274 124 374
74 299 124 399
74 324 124 423
74 349 124 448
74 374 124 473
74 399 124 498
74 423 124 523
74 448 124 548
74 473 124 573
74 498 124 598
74 523 124 623
74 548 124 648
74 573 124 673
74 598 124 698
74 623 124 723
74 648 124 748
74 673 124 773
99 0 149 99
99 24 149 124
99 49 149 149
99 74 149 174
99 99 149 199
99 124 149 224
99 149 149 249
99 174 149 274
99 199 149 299
99 224 149 324
99 249 149 349
99 274 149 374
99 299 149 399
99 324 149 423
99 349 149 448
99 374 149 473
99 399 149 498
99 423 149 523
99 448 149 548
99 473 149 573
99 498 149 598
99 523 149 623
99 548 149 648
99 573 149 673
99 598 149 698
99 623 149 723
99 648 149 748
99 673 149 773
124 0 174 99
124 24 174 124
124 49 174 149
124 74 174 174
124 99 174 199
124 124 174 224
124 149 174 249
124 174 174 274
124 199 174 299
124 224 174 324
124 249 174 349
124 274 174 374
124 299 174 399
124 324 174 423
124 349 174 448
124 374 174 473
124 399 174 498
124 423 174 523
124 448 174 548
124 473 174 573
124 498 174 598
124 523 174 623
124 548 174 648
124 573 174 673
124 598 174 698
124 623 174 723
124 648 174 748
124 673 174 773
149 0 199 99
149 24 199 124
149 49 199 149
149 74 199 174
149 99 199 199
149 124 199 224
149 149 199 249
149 174 199 274
149 199 199 299
149 224 199 324
149 249 199 349
149 274 199 374
149 299 199 399
149 324 199 423
149 349 199 448
149 374 199 473
149 399 199 498
149 423 199 523
149 448 199 548
149 473 199 573
149 498 199 598
149 523 199 623
149 548 199 648
149 573 199 673
149 598 199 698
149 623 199 723
149 648 199 748
149 673 199 773
174 0 224 99
174 24 224 124
174 49 224 149
174 74 224 174
174 99 224 199
174 124 224 224
174 149 224 249
174 174 224 274
174 199 224 299
174 224 224 324
174 249 224 349
174 274 224 374
174 299 224 399
174 324 224 423
174 349 224 448
174 374 224 473
174 399 224 498
174 423 224 523
174 448 224 548
174 473 224 573
174 498 224 598
174 523 224 623
174 548 224 648
174 573 224 673
174 598 224 698
174 623 224 723
174 648 224 748
174 673 224 773
199 0 249 99
199 24 249 124
199 49 249 149
199 74 249 174
199 99 249 199
199 124 249 224
199 149 249 249
199 174 249 274
199 199 249 299
199 224 249 324
199 249 249 349
199 274 249 374
199 299 249 399
199 324 249 423
199 349 249 448
199 374 249 473
199 399 249 498
199 423 249 523
199 448 249 548
199 473 249 573
199 498 249 598
199 523 249 623
199 548 249 648
199 573 249 673
199 598 249 698
199 623 249 723
199 648 249 748
199 673 249 773
224 0 274 99
224 24 274 124
224 49 274 149
224 74 274 174
224 99 274 199
224 124 274 224
224 149 274 249
224 174 274 274
224 199 274 299
224 224 274 324
224 249 274 349
224 274 274 374
224 299 274 399
224 324 274 423
224 349 274 448
224 374 274 473
224 399 274 498
224 423 274 523
224 448 274 548
224 473 274 573
224 498 274 598
224 523 274 623
224 548 274 648
224 573 274 673
224 598 274 698
224 623 274 723
224 648 274 748
224 673 274 773
249 0 299 99
249 24 299 124
249 49 299 149
249 74 299 174
249 99 299 199
249 124 299 224
249 149 299 249
249 174 299 274
249 199 299 299
249 224 299 324
249 249 299 349
249 274 299 374
249 299 299 399
249 324 299 423
249 349 299 448
249 374 299 473
249 399 299 498
249 423 299 523
249 448 299 548
249 473 299 573
249 498 299 598
249 523 299 623
249 548 299 648
249 573 299 673
249 598 299 698
249 623 299 723
249 648 299 748
249 673 299 773
274 0 324 99
274 24 324 124
274 49 324 149
274 74 324 174
274 99 324 199
274 124 324 224
274 149 324 249
274 174 324 274
274 199 324 299
274 224 324 324
274 249 324 349
274 274 324 374
274 299 324 399
274 324 324 423
274 349 324 448
274 374 324 473
274 399 324 498
274 423 324 523
274 448 324 548
274 473 324 573
274 498 324 598
274 523 324 623
274 548 324 648
274 573 324 673
274 598 324 698
274 623 324 723
274 648 324 748
274 673 324 773
299 0 349 99
299 24 349 124
299 49 349 149
299 74 349 174
299 99 349 199
299 124 349 224
299 149 349 249
299 174 349 274
299 199 349 299
299 224 349 324
299 249 349 349
299 274 349 374
299 299 349 399
299 324 349 423
299 349 349 448
299 374 349 473
299 399 349 498
299 423 349 523
299 448 349 548
299 473 349 573
299 498 349 598
299 523 349 623
299 548 349 648
299 573 349 673
299 598 349 698
299 623 349 723
299 648 349 748
299 673 349 773
324 0 374 99
324 24 374 124
324 49 374 149
324 74 374 174
324 99 374 199
324 124 374 224
324 149 374 249
324 174 374 274
324 199 374 299
324 224 374 324
324 249 374 349
324 274 374 374
324 299 374 399
324 324 374 423
324 349 374 448
324 374 374 473
324 399 374 498
324 423 374 523
324 448 374 548
324 473 374 573
324 498 374 598
324 523 374 623
324 548 374 648
324 573 374 673
324 598 374 698
324 623 374 723
324 648 374 748
324 673 374 773
349 0 399 99
349 24 399 124
349 49 399 149
349 74 399 174
349 99 399 199
349 124 399 224
349 149 399 249
349 174 399 274
349 199 399 299
349 224 399 324
349 249 399 349
349 274 399 374
349 299 399 399
349 324 399 423
349 349 399 448
349 374 399 473
349 399 399 498
349 423 399 523
349 448 399 548
349 473 399 573
349 498 399 598
349 523 399 623
349 548 399 648
349 573 399 673
349 598 399 698
349 623 399 723
349 648 399 748
349 673 399 773
374 0 423 99
374 24 423 124
374 49 423 149
374 74 423 174
374 99 423 199
374 124 423 224
374 149 423 249
374 174 423 274
374 199 423 299
374 224 423 324
374 249 423 349
374 274 423 374
374 299 423 399
374 324 423 423
374 349 423 448
374 374 423 473
374 399 423 498
374 423 423 523
374 448 423 548
374 473 423 573
374 498 423 598
374 523 423 623
374 548 423 648
374 573 423 673
374 598 423 698
374 623 423 723
374 648 423 748
374 673 423 773
399 0 448 99
399 24 448 124
399 49 448 149
399 74 448 174
399 99 448 199
399 124 448 224
399 149 448 249
399 174 448 274
399 199 448 299
399 224 448 324
399 249 448 349
399 274 448 374
399 299 448 399
399 324 448 423
399 349 448 448
399 374 448 473
399 399 448 498
399 423 448 523
399 448 448 548
399 473 448 573
399 498 448 598
399 523 448 623
399 548 448 648
399 573 448 673
399 598 448 698
399 623 448 723
399 648 448 748
399 673 448 773
423 0 473 99
423 24 473 124
423 49 473 149
423 74 473 174
423 99 473 199
423 124 473 224
423 149 473 249
423 174 473 274
423 199 473 299
423 224 473 324
423 249 473 349
423 274 473 374
423 299 473 399
423 324 473 423
423 349 473 448
423 374 473 473
423 399 473 498
423 423 473 523
423 448 473 548
423 473 473 573
423 498 473 598
423 523 473 623
423 548 473 648
423 573 473 673
423 598 473 698
423 623 473 723
423 648 473 748
423 673 473 773
448 0 498 99
448 24 498 124
448 49 498 149
448 74 498 174
448 99 498 199
448 124 498 224
448 149 498 249
448 174 498 274
448 199 498 299
448 224 498 324
448 249 498 349
448 274 498 374
448 299 498 399
448 324 498 423
448 349 498 448
448 374 498 473
448 399 498 498
448 423 498 523
448 448 498 548
448 473 498 573
448 498 498 598
448 523 498 623
448 548 498 648
448 573 498 673
448 598 498 698
448 623 498 723
448 648 498 748
448 673 498 773
473 0 523 99
473 24 523 124
473 49 523 149
473 74 523 174
473 99 523 199
473 124 523 224
473 149 523 249
473 174 523 274
473 199 523 299
473 224 523 324
473 249 523 349
473 274 523 374
473 299 523 399
473 324 523 423
473 349 523 448
473 374 523 473
473 399 523 498
473 423 523 523
473 448 523 548
473 473 523 573
473 498 523 598
473 523 523 623
473 548 523 648
473 573 523 673
473 598 523 698
473 623 523 723
473 648 523 748
473 673 523 773
498 0 548 99
498 24 548 124
498 49 548 149
498 74 548 174
498 99 548 199
498 124 548 224
498 149 548 249
498 174 548 274
498 199 548 299
498 224 548 324
498 249 548 349
498 274 548 374
498 299 548 399
498 324 548 423
498 349 548 448
498 374 548 473
498 399 548 498
498 423 548 523
498 448 548 548
498 473 548 573
498 498 548 598
498 523 548 623
498 548 548 648
498 573 548 673
498 598 548 698
498 623 548 723
498 648 548 748
498 673 548 773
523 0 573 99
523 24 573 124
523 49 573 149
523 74 573 174
523 99 573 199
523 124 573 224
523 149 573 249
523 174 573 274
523 199 573 299
523 224 573 324
523 249 573 349
523 274 573 374
523 299 573 399
523 324 573 423
523 349 573 448
523 374 573 473
523 399 573 498
523 423 573 523
523 448 573 548
523 473 573 573
523 498 573 598
523 523 573 623
523 548 573 648
523 573 573 673
523 598 573 698
523 623 573 723
523 648 573 748
523 673 573 773
548 0 598 99
548 24 598 124
548 49 598 149
548 74 598 174
548 99 598 199
548 124 598 224
548 149 598 249
548 174 598 274
548 199 598 299
548 224 598 324
548 249 598 349
548 274 598 374
548 299 598 399
548 324 598 423
548 349 598 448
548 374 598 473
548 399 598 498
548 423 598 523
548 448 598 548
548 473 598 573
548 498 598 598
548 523 598 623
548 548 598 648
548 573 598 673
548 598 598 698
548 623 598 723
548 648 598 748
548 673 598 773
573 0 623 99
573 24 623 124
573 49 623 149
573 74 623 174
573 99 623 199
573 124 623 224
573 149 623 249
573 174 623 274
573 199 623 299
573 224 623 324
573 249 623 349
573 274 623 374
573 299 623 399
573 324 623 423
573 349 623 448
573 374 623 473
573 399 623 498
573 423 623 523
573 448 623 548
573 473 623 573
573 498 623 598
573 523 623 623
573 548 623 648
573 573 623 673
573 598 623 698
573 623 623 723
573 648 623 748
573 673 623 773
598 0 648 99
598 24 648 124
598 49 648 149
598 74 648 174
598 99 648 199
598 124 648 224
598 149 648 249
598 174 648 274
598 199 648 299
598 224 648 324
598 249 648 349
598 274 648 374
598 299 648 399
598 324 648 423
598 349 648 448
598 374 648 473
598 399 648 498
598 423 648 523
598 448 648 548
598 473 648 573
598 498 648 598
598 523 648 623
598 548 648 648
598 573 648 673
598 598 648 698
598 623 648 723
598 648 648 748
598 673 648 773
623 0 673 99
623 24 673 124
623 49 673 149
623 74 673 174
623 99 673 199
623 124 673 224
623 149 673 249
623 174 673 274
623 199 673 299
623 224 673 324
623 249 673 349
623 274 673 374
623 299 673 399
623 324 673 423
623 349 673 448
623 374 673 473
623 399 673 498
623 423 673 523
623 448 673 548
623 473 673 573
623 498 673 598
623 523 673 623
623 548 673 648
623 573 673 673
623 598 673 698
623 623 673 723
623 648 673 748
623 673 673 773
648 0 698 99
648 24 698 124
648 49 698 149
648 74 698 174
648 99 698 199
648 124 698 224
648 149 698 249
648 174 698 274
648 199 698 299
648 224 698 324
648 249 698 349
648 274 698 374
648 299 698 399
648 324 698 423
648 349 698 448
648 374 698 473
648 399 698 498
648 423 698 523
648 448 698 548
648 473 698 573
648 498 698 598
648 523 698 623
648 548 698 648
648 573 698 673
648 598 698 698
648 623 698 723
648 648 698 748
648 673 698 773
673 0 723 99
673 24 723 124
673 49 723 149
673 74 723 174
673 99 723 199
673 124 723 224
673 149 723 249
673 174 723 274
673 199 723 299
673 224 723 324
673 249 723 349
673 274 723 374
673 299 723 399
673 324 723 423
673 349 723 448
673 374 723 473
673 399 723 498
673 423 723 523
673 448 723 548
673 473 723 573
673 498 723 598
673 523 723 623
673 548 723 648
673 573 723 673
673 598 723 698
673 623 723 723
673 648 723 748
673 673 723 773
698 0 748 99
698 24 748 124
698 49 748 149
698 74 748 174
698 99 748 199
698 124 748 224
698 149 748 249
698 174 748 274
698 199 748 299
698 224 748 324
698 249 748 349
698 274 748 374
698 299 748 399
698 324 748 423
698 349 748 448
698 374 748 473
698 399 748 498
698 423 748 523
698 448 748 548
698 473 748 573
698 498 748 598
698 523 748 623
698 548 748 648
698 573 748 673
698 598 748 698
698 623 748 723
698 648 748 748
698 673 748 773
723 0 773 99
723 24 773 124
723 49 773 149
723 74 773 174
723 99 773 199
723 124 773 224
723 149 773 249
723 174 773 274
723 199 773 299
723 224 773 324
723 249 773 349
723 274 773 374
723 299 773 399
723 324 773 423
723 349 773 448
723 374 773 473
723 399 773 498
723 423 773 523
723 448 773 548
723 473 773 573
723 498 773 598
723 523 773 623
723 548 773 648
723 573 773 673
723 598 773 698
723 623 773 723
723 648 773 748
723 673 773 773
748 0 798 99
748 24 798 124
748 49 798 149
748 74 798 174
748 99 798 199
748 124 798 224
748 149 798 249
748 174 798 274
748 199 798 299
748 224 798 324
748 249 798 349
748 274 798 374
748 299 798 399
748 324 798 423
748 349 798 448
748 374 798 473
748 399 798 498
748 423 798 523
748 448 798 548
748 473 798 573
748 498 798 598
748 523 798 623
748 548 798 648
748 573 798 673
748 598 798 698
748 623 798 723
748 648 798 748
748 673 798 773
773 0 822 99
773 24 822 124
773 49 822 149
773 74 822 174
773 99 822 199
773 124 822 224
773 149 822 249
773 174 822 274
773 199 822 299
773 224 822 324
773 249 822 349
773 274 822 374
773 299 822 399
773 324 822 423
773 349 822 448
773 374 822 473
773 399 822 498
773 423 822 523
773 448 822 548
773 473 822 573
773 498 822 598
773 523 822 623
773 548 822 648
773 573 822 673
773 598 822 698
773 623 822 723
773 648 822 748
773 673 822 773
798 0 847 99
798 24 847 124
798 49 847 149
798 74 847 174
798 99 847 199
798 124 847 224
798 149 847 249
798 174 847 274
798 199 847 299
798 224 847 324
798 249 847 349
798 274 847 374
798 299 847 399
798 324 847 423
798 349 847 448
798 374 847 473
798 399 847 498
798 423 847 523
798 448 847 548
798 473 847 573
798 498 847 598
798 523 847 623
798 548 847 648
798 573 847 673
798 598 847 698
798 623 847 723
798 648 847 748
798 673 847 773
822 0 872 99
822 24 872 124
822 49 872 149
822 74 872 174
822 99 872 199
822 124 872 224
822 149 872 249
822 174 872 274
822 199 872 299
822 224 872 324
822 249 872 349
822 274 872 374
822 299 872 399
822 324 872 423
822 349 872 448
822 374 872 473
822 399 872 498
822 423 872 523
822 448 872 548
822 473 872 573
822 498 872 598
822 523 872 623
822 548 872 648
822 573 872 673
822 598 872 698
822 623 872 723
822 648 872 748
822 673 872 773
847 0 897 99
847 24 897 124
847 49 897 149
847 74 897 174
847 99 897 199
847 124 897 224
847 149 897 249
847 174 897 274
847 199 897 299
847 224 897 324
847 249 897 349
847 274 897 374
847 299 897 399
847 324 897 423
847 349 897 448
847 374 897 473
847 399 897 498
847 423 897 523
847 448 897 548
847 473 897 573
847 498 897 598
847 523 897 623
847 548 897 648
847 573 897 673
847 598 897 698
847 623 897 723
847 648 897 748
847 673 897 773
872 0 922 99
872 24 922 124
872 49 922 149
872 74 922 174
872 99 922 199
872 124 922 224
872 149 922 249
872 174 922 274
872 199 922 299
872 224 922 324
872 249 922 349
872 274 922 374
872 299 922 399
872 324 922 423
872 349 922 448
872 374 922 473
872 399 922 498
872 423 922 523
872 448 922 548
872 473 922 573
872 498 922 598
872 523 922 623
872 548 922 648
872 573 922 673
872 598 922 698
872 623 922 723
872 648 922 748
872 673 922 773
897 0 947 99
897 24 947 124
897 49 947 149
897 74 947 174
897 99 947 199
897 124 947 224
897 149 947 249
897 174 947 274
897 199 947 299
897 224 947 324
897 249 947 349
897 274 947 374
897 299 947 399
897 324 947 423
897 349 947 448
897 374 947 473
897 399 947 498
897 423 947 523
897 448 947 548
897 473 947 573
897 498 947 598
897 523 947 623
897 548 947 648
897 573 947 673
897 598 947 698
897 623 947 723
897 648 947 748
897 673 947 773
922 0 972 99
922 24 972 124
922 49 972 149
922 74 972 174
922 99 972 199
922 124 972 224
922 149 972 249
922 174 972 274
922 199 972 299
922 224 972 324
922 249 972 349
922 274 972 374
922 299 972 399
922 324 972 423
922 349 972 448
922 374 972 473
922 399 972 498
922 423 972 523
922 448 972 548
922 473 972 573
922 498 972 598
922 523 972 623
922 548 972 648
922 573 972 673
922 598 972 698
922 623 972 723
922 648 972 748
922 673 972 773
947 0 997 99
947 24 997 124
947 49 997 149
947 74 997 174
947 99 997 199
947 124 997 224
947 149 997 249
947 174 997 274
947 199 997 299
947 224 997 324
947 249 997 349
947 274 997 374
947 299 997 399
947 324 997 423
947 349 997 448
947 374 997 473
947 399 997 498
947 423 997 523
947 448 997 548
947 473 997 573
947 498 997 598
947 523 997 623
947 548 997 648
947 573 997 673
947 598 997 698
947 623 997 723
947 648 997 748
947 673 997 773
972 0 1022 99
972 24 1022 124
972 49 1022 149
972 74 1022 174
972 99 1022 199
972 124 1022 224
972 149 1022 249
972 174 1022 274
972 199 1022 299
972 224 1022 324
972 249 1022 349
972 274 1022 374
972 299 1022 399
972 324 1022 423
972 349 1022 448
972 374 1022 473
972 399 1022 498
972 423 1022 523
972 448 1022 548
972 473 1022 573
972 498 1022 598
972 523 1022 623
972 548 1022 648
972 573 1022 673
972 598 1022 698
972 623 1022 723
972 648 1022 748
972 673 1022 773
997 0 1047 99
997 24 1047 124
997 49 1047 149
997 74 1047 174
997 99 1047 199
997 124 1047 224
997 149 1047 249
997 174 1047 274
997 199 1047 299
997 224 1047 324
997 249 1047 349
997 274 1047 374
997 299 1047 399
997 324 1047 423
997 349 1047 448
997 374 1047 473
997 399 1047 498
997 423 1047 523
997 448 1047 548
997 473 1047 573
997 498 1047 598
997 523 1047 623
997 548 1047 648
997 573 1047 673
997 598 1047 698
997 623 1047 723
997 648 1047 748
997 673 1047 773
1022 0 1072 99
1022 24 1072 124
1022 49 1072 149
1022 74 1072 174
1022 99 1072 199
1022 124 1072 224
1022 149 1072 249
1022 174 1072 274
1022 199 1072 299
1022 224 1072 324
1022 249 1072 349
1022 274 1072 374
1022 299 1072 399
1022 324 1072 423
1022 349 1072 448
1022 374 1072 473
1022 399 1072 498
1022 423 1072 523
1022 448 1072 548
1022 473 1072 573
1022 498 1072 598
1022 523 1072 623
1022 548 1072 648
1022 573 1072 673
1022 598 1072 698
1022 623 1072 723
1022 648 1072 748
1022 673 1072 773
1047 0 1097 99
1047 24 1097 124
1047 49 1097 149
1047 74 1097 174
1047 99 1097 199
1047 124 1097 224
1047 149 1097 249
1047 174 1097 274
1047 199 1097 299
1047 224 1097 324
1047 249 1097 349
1047 274 1097 374
1047 299 1097 399
1047 324 1097 423
1047 349 1097 448
1047 374 1097 473
1047 399 1097 498
1047 423 1097 523
1047 448 1097 548
1047 473 1097 573
1047 498 1097 598
1047 523 1097 623
1047 548 1097 648
1047 573 1097 673
1047 598 1097 698
1047 623 1097 723
1047 648 1097 748
1047 673 1097 773
1072 0 1122 99
1072 24 1122 124
1072 49 1122 149
1072 74 1122 174
1072 99 1122 199
1072 124 1122 224
1072 149 1122 249
1072 174 1122 274
1072 199 1122 299
1072 224 1122 324
1072 249 1122 349
1072 274 1122 374
1072 299 1122 399
1072 324 1122 423
1072 349 1122 448
1072 374 1122 473
1072 399 1122 498
1072 423 1122 523
1072 448 1122 548
1072 473 1122 573
1072 498 1122 598
1072 523 1122 623
1072 548 1122 648
1072 573 1122 673
1072 598 1122 698
1072 623 1122 723
1072 648 1122 748
1072 673 1122 773
1097 0 1147 99
1097 24 1147 124
1097 49 1147 149
1097 74 1147 174
1097 99 1147 199
1097 124 1147 224
1097 149 1147 249
1097 174 1147 274
1097 199 1147 299
1097 224 1147 324
1097 249 1147 349
1097 274 1147 374
1097 299 1147 399
1097 324 1147 423
1097 349 1147 448
1097 374 1147 473
1097 399 1147 498
1097 423 1147 523
1097 448 1147 548
1097 473 1147 573
1097 498 1147 598
1097 523 1147 623
1097 548 1147 648
1097 573 1147 673
1097 598 1147 698
1097 623 1147 723
1097 648 1147 748
1097 673 1147 773
1122 0 1172 99
1122 24 1172 124
1122 49 1172 149
1122 74 1172 174
1122 99 1172 199
1122 124 1172 224
1122 149 1172 249
1122 174 1172 274
1122 199 1172 299
1122 224 1172 324
1122 249 1172 349
1122 274 1172 374
1122 299 1172 399
1122 324 1172 423
1122 349 1172 448
1122 374 1172 473
1122 399 1172 498
1122 423 1172 523
1122 448 1172 548
1122 473 1172 573
1122 498 1172 598
1122 523 1172 623
1122 548 1172 648
1122 573 1172 673
1122 598 1172 698
1122 623 1172 723
1122 648 1172 748
1122 673 1172 773
