399 0 471 56
133 30 209 138
660 0 783 81
916 0 1018 97
860 76 931 168
599 158 696 245
865 76 952 168
491 81 542 163
496 81 558 158
20 92 122 184
10 122 128 199
931 148 1018 312
936 97 1018 168
40 117 266 266
721 291 793 343
583 363 696 435
573 399 650 465
317 174 537 256
337 189 445 230
0 204 46 286
240 250 322 363
256 194 445 312
250 209 368 312
322 199 460 322
353 256 424 327
296 215 512 419
537 230 614 327
481 317 558 363
476 337 583 435
440 204 491 337
496 220 604 332
450 209 496 327
599 215 675 261
670 250 768 327
568 271 640 332
573 276 645 332
629 266 701 368
563 266 691 363
174 281 266 343
256 291 317 384
0 317 107 399
337 409 501 455
640 348 727 394
568 358 665 430
936 363 1018 455
30 389 138 481
501 404 578 501
460 522 506 609
189 512 250 593
486 450 558 501
501 552 578 670
445 578 496 650
471 573 563 650
455 624 547 675
655 558 880 675
844 568 885 675
885 619 1018 675
624 583 844 675
921 563 988 634
870 583 957 650
870 583 952 665
885 593 983 645
5 629 92 675
517 102 624 153
583 358 711 435
460 522 578 670
476 337 650 465
460 337 650 465
240 250 322 368
256 291 322 389
870 573 957 650
245 291 322 414
245 291 322 445
916 0 1018 102
0 0 170 170
0 85 170 255
0 170 170 340
0 255 170 425
0 340 170 510
0 425 170 595
85 0 255 170
85 85 255 255
85 170 255 340
85 255 255 425
85 340 255 510
85 425 255 595
170 0 340 170
170 85 340 255
170 170 340 340
170 255 340 425
170 340 340 510
170 425 340 595
255 0 425 170
255 85 425 255
255 170 425 340
255 255 425 425
255 340 425 510
255 425 425 595
340 0 510 170
340 85 510 255
340 170 510 340
340 255 510 425
340 340 510 510
340 425 510 595
425 0 595 170
425 85 595 255
425 170 595 340
425 255 595 425
425 340 595 510
425 425 595 595
510 0 680 170
510 85 680 255
510 170 680 340
510 255 680 425
510 340 680 510
510 425 680 595
595 0 766 170
595 85 766 255
595 170 766 340
595 255 766 425
595 340 766 510
595 425 766 595
680 0 851 170
680 85 851 255
680 170 851 340
680 255 851 425
680 340 851 510
680 425 851 595
766 0 936 170
766 85 936 255
766 170 936 340
766 255 936 425
766 340 936 510
766 425 936 595
0 0 85 85
0 42 85 127
0 85 85 170
0 127 85 212
0 170 85 255
0 212 85 297
0 255 85 340
0 297 85 383
0 340 85 425
0 383 85 468
0 425 85 510
0 468 85 553
0 510 85 595
0 553 85 638
42 0 127 85
42 42 127 127
42 85 127 170
42 127 127 212
42 170 127 255
42 212 127 297
42 255 127 340
42 297 127 383
42 340 127 425
42 383 127 468
42 425 127 510
42 468 127 553
42 510 127 595
42 553 127 638
85 0 170 85
85 42 170 127
85 85 170 170
85 127 170 212
85 170 170 255
85 212 170 297
85 255 170 340
85 297 170 383
85 340 170 425
85 383 170 468
85 425 170 510
85 468 170 553
85 510 170 595
85 553 170 638
127 0 212 85
127 42 212 127
127 85 212 170
127 127 212 212
127 170 212 255
127 212 212 297
127 255 212 340
127 297 212 383
127 340 212 425
127 383 212 468
127 425 212 510
127 468 212 553
127 510 212 595
127 553 212 638
170 0 255 85
170 42 255 127
170 85 255 170
170 127 255 212
170 170 255 255
170 212 255 297
170 255 255 340
170 297 255 383
170 340 255 425
170 383 255 468
170 425 255 510
170 468 255 553
170 510 255 595
170 553 255 638
212 0 297 85
212 42 297 127
212 85 297 170
212 127 297 212
212 170 297 255
212 212 297 297
212 255 297 340
212 297 297 383
212 340 297 425
212 383 297 468
212 425 297 510
212 468 297 553
212 510 297 595
212 553 297 638
255 0 340 85
255 42 340 127
255 85 340 170
255 127 340 212
255 170 340 255
255 212 340 297
255 255 340 340
255 297 340 383
255 340 340 425
255 383 340 468
255 425 340 510
255 468 340 553
255 510 340 595
255 553 340 638
297 0 383 85
297 42 383 127
297 85 383 170
297 127 383 212
297 170 383 255
297 212 383 297
297 255 383 340
297 297 383 383
297 340 383 425
297 383 383 468
297 425 383 510
297 468 383 553
297 510 383 595
297 553 383 638
340 0 425 85
340 42 425 127
340 85 425 170
340 127 425 212
340 170 425 255
340 212 425 297
340 255 425 340
340 297 425 383
340 340 425 425
340 383 425 468
340 425 425 510
340 468 425 553
340 510 425 595
340 553 425 638
383 0 468 85
383 42 468 127
383 85 468 170
383 127 468 212
383 170 468 255
383 212 468 297
383 255 468 340
383 297 468 383
383 340 468 425
383 383 468 468
383 425 468 510
383 468 468 553
383 510 468 595
383 553 468 638
425 0 510 85
425 42 510 127
425 85 510 170
425 127 510 212
425 170 510 255
425 212 510 297
425 255 510 340
425 297 510 383
425 340 510 425
425 383 510 468
425 425 510 510
425 468 510 553
425 510 510 595
425 553 510 638
468 0 553 85
468 42 553 127
468 85 553 170
468 127 553 212
468 170 553 255
468 212 553 297
468 255 553 340
468 297 553 383
468 340 553 425
468 383 553 468
468 425 553 510
468 468 553 553
468 510 553 595
468 553 553 638
510 0 595 85
510 42 595 127
510 85 595 170
510 127 595 212
510 170 595 255
510 212 595 297
510 255 595 340
510 297 595 383
510 340 595 425
510 383 595 468
510 425 595 510
510 468 595 553
510 510 595 595
510 553 595 638
553 0 638 85
553 42 638 127
553 85 638 170
553 127 638 212
553 170 638 255
553 212 638 297
553 255 638 340
553 297 638 383
553 340 638 425
553 383 638 468
553 425 638 510
553 468 638 553
553 510 638 595
553 553 638 638
595 0 680 85
595 42 680 127
595 85 680 170
595 127 680 212
595 170 680 255
595 212 680 297
595 255 680 340
595 297 680 383
595 340 680 425
595 383 680 468
595 425 680 510
595 468 680 553
595 510 680 595
595 553 680 638
638 0 723 85
638 42 723 127
638 85 723 170
638 127 723 212
638 170 723 255
638 212 723 297
638 255 723 340
638 297 723 383
638 340 723 425
638 383 723 468
638 425 723 510
638 468 723 553
638 510 723 595
638 553 723 638
680 0 766 85
680 42 766 127
680 85 766 170
680 127 766 212
680 170 766 255
680 212 766 297
680 255 766 340
680 297 766 383
680 340 766 425
680 383 766 468
680 425 766 510
680 468 766 553
680 510 766 595
680 553 766 638
723 0 808 85
723 42 808 127
723 85 808 170
723 127 808 212
723 170 808 255
723 212 808 297
723 255 808 340
723 297 808 383
723 340 808 425
723 383 808 468
723 425 808 510
723 468 808 553
723 510 808 595
723 553 808 638
766 0 851 85
766 42 851 127
766 85 851 170
766 127 851 212
766 170 851 255
766 212 851 297
766 255 851 340
766 297 851 383
766 340 851 425
766 383 851 468
766 425 851 510
766 468 851 553
766 510 851 595
766 553 851 638
808 0 893 85
808 42 893 127
808 85 893 170
808 127 893 212
808 170 893 255
808 212 893 297
808 255 893 340
808 297 893 383
808 340 893 425
808 383 893 468
808 425 893 510
808 468 893 553
808 510 893 595
808 553 893 638
851 0 936 85
851 42 936 127
851 85 936 170
851 127 936 212
851 170 936 255
851 212 936 297
851 255 936 340
851 297 936 383
851 340 936 425
851 383 936 468
851 425 936 510
851 468 936 553
851 510 936 595
851 553 936 638
893 0 978 85
893 42 978 127
893 85 978 170
893 127 978 212
893 170 978 255
893 212 978 297
893 255 978 340
893 297 978 383
893 340 978 425
893 383 978 468
893 425 978 510
893 468 978 553
893 510 978 595
893 553 978 638
0 0 170 85
0 42 170 127
0 85 170 170
0 127 170 212
0 170 170 255
0 212 170 297
0 255 170 340
0 297 170 383
0 340 170 425
0 383 170 468
0 425 170 510
0 468 170 553
0 510 170 595
0 553 170 638
42 0 212 85
42 42 212 127
42 85 212 170
42 127 212 212
42 170 212 255
42 212 212 297
42 255 212 340
42 297 212 383
42 340 212 425
42 383 212 468
42 425 212 510
42 468 212 553
42 510 212 595
42 553 212 638
85 0 255 85
85 42 255 127
85 85 255 170
85 127 255 212
85 170 255 255
85 212 255 297
85 255 255 340
85 297 255 383
85 340 255 425
85 383 255 468
85 425 255 510
85 468 255 553
85 510 255 595
85 553 255 638
127 0 297 85
127 42 297 127
127 85 297 170
127 127 297 212
127 170 297 255
127 212 297 297
127 255 297 340
127 297 297 383
127 340 297 425
127 383 297 468
127 425 297 510
127 468 297 553
127 510 297 595
127 553 297 638
170 0 340 85
170 42 340 127
170 85 340 170
170 127 340 212
170 170 340 255
170 212 340 297
170 255 340 340
170 297 340 383
170 340 340 425
170 383 340 468
170 425 340 510
170 468 340 553
170 510 340 595
170 553 340 638
212 0 383 85
212 42 383 127
212 85 383 170
212 127 383 212
212 170 383 255
212 212 383 297
212 255 383 340
212 297 383 383
212 340 383 425
212 383 383 468
212 425 383 510
212 468 383 553
212 510 383 595
212 553 383 638
255 0 425 85
255 42 425 127
255 85 425 170
255 127 425 212
255 170 425 255
255 212 425 297
255 255 425 340
255 297 425 383
255 340 425 425
255 383 425 468
255 425 425 510
255 468 425 553
255 510 425 595
255 553 425 638
297 0 468 85
297 42 468 127
297 85 468 170
297 127 468 212
297 170 468 255
297 212 468 297
297 255 468 340
297 297 468 383
297 340 468 425
297 383 468 468
297 425 468 510
297 468 468 553
297 510 468 595
297 553 468 638
340 0 510 85
340 42 510 127
340 85 510 170
340 127 510 212
340 170 510 255
340 212 510 297
340 255 510 340
340 297 510 383
340 340 510 425
340 383 510 468
340 425 510 510
340 468 510 553
340 510 510 595
340 553 510 638
383 0 553 85
383 42 553 127
383 85 553 170
383 127 553 212
383 170 553 255
383 212 553 297
383 255 553 340
383 297 553 383
383 340 553 425
383 383 553 468
383 425 553 510
383 468 553 553
383 510 553 595
383 553 553 638
425 0 595 85
425 42 595 127
425 85 595 170
425 127 595 212
425 170 595 255
425 212 595 297
425 255 595 340
425 297 595 383
425 340 595 425
425 383 595 468
425 425 595 510
425 468 595 553
425 510 595 595
425 553 595 638
468 0 638 85
468 42 638 127
468 85 638 170
468 127 638 212
468 170 638 255
468 212 638 297
468 255 638 340
468 297 638 383
468 340 638 425
468 383 638 468
468 425 638 510
468 468 638 553
468 510 638 595
468 553 638 638
510 0 680 85
510 42 680 127
510 85 680 170
510 127 680 212
510 170 680 255
510 212 680 297
510 255 680 340
510 297 680 383
510 340 680 425
510 383 680 468
510 425 680 510
510 468 680 553
510 510 680 595
510 553 680 638
553 0 723 85
553 42 723 127
553 85 723 170
553 127 723 212
553 170 723 255
553 212 723 297
553 255 723 340
553 297 723 383
553 340 723 425
553 383 723 468
553 425 723 510
553 468 723 553
553 510 723 595
553 553 723 638
595 0 766 85
595 42 766 127
595 85 766 170
595 127 766 212
595 170 766 255
595 212 766 297
595 255 766 340
595 297 766 383
595 340 766 425
595 383 766 468
595 425 766 510
595 468 766 553
595 510 766 595
595 553 766 638
638 0 808 85
638 42 808 127
638 85 808 170
638 127 808 212
638 170 808 255
638 212 808 297
638 255 808 340
638 297 808 383
638 340 808 425
638 383 808 468
638 425 808 510
638 468 808 553
638 510 808 595
638 553 808 638
680 0 851 85
680 42 851 127
680 85 851 170
680 127 851 212
680 170 851 255
680 212 851 297
680 255 851 340
680 297 851 383
680 340 851 425
680 383 851 468
680 425 851 510
680 468 851 553
680 510 851 595
680 553 851 638
723 0 893 85
723 42 893 127
723 85 893 170
723 127 893 212
723 170 893 255
723 212 893 297
723 255 893 340
723 297 893 383
723 340 893 425
723 383 893 468
723 425 893 510
723 468 893 553
723 510 893 595
723 553 893 638
766 0 936 85
766 42 936 127
766 85 936 170
766 127 936 212
766 170 936 255
766 212 936 297
766 255 936 340
766 297 936 383
766 340 936 425
766 383 936 468
766 425 936 510
766 468 936 553
766 510 936 595
766 553 936 638
808 0 978 85
808 42 978 127
808 85 978 170
808 127 978 212
808 170 978 255
808 212 978 297
808 255 978 340
808 297 978 383
808 340 978 425
808 383 978 468
808 425 978 510
808 468 978 553
808 510 978 595
808 553 978 638
0 0 85 170
0 42 85 212
0 85 85 255
0 127 85 297
0 170 85 340
0 212 85 383
0 255 85 425
0 297 85 468
0 340 85 510
0 383 85 553
0 425 85 595
0 468 85 638
42 0 127 170
42 42 127 212
42 85 127 255
42 127 127 297
42 170 127 340
42 212 127 383
42 255 127 425
42 297 127 468
42 340 127 510
42 383 127 553
42 425 127 595
42 468 127 638
85 0 170 170
85 42 170 212
85 85 170 255
85 127 170 297
85 170 170 340
85 212 170 383
85 255 170 425
85 297 170 468
85 340 170 510
85 383 170 553
85 425 170 595
85 468 170 638
127 0 212 170
127 42 212 212
127 85 212 255
127 127 212 297
127 170 212 340
127 212 212 383
127 255 212 425
127 297 212 468
127 340 212 510
127 383 212 553
127 425 212 595
127 468 212 638
170 0 255 170
170 42 255 212
170 85 255 255
170 127 255 297
170 170 255 340
170 212 255 383
170 255 255 425
170 297 255 468
170 340 255 510
170 383 255 553
170 425 255 595
170 468 255 638
212 0 297 170
212 42 297 212
212 85 297 255
212 127 297 297
212 170 297 340
212 212 297 383
212 255 297 425
212 297 297 468
212 340 297 510
212 383 297 553
212 425 297 595
212 468 297 638
255 0 340 170
255 42 340 212
255 85 340 255
255 127 340 297
255 170 340 340
255 212 340 383
255 255 340 425
255 297 340 468
255 340 340 510
255 383 340 553
255 425 340 595
255 468 340 638
297 0 383 170
297 42 383 212
297 85 383 255
297 127 383 297
297 170 383 340
297 212 383 383
297 255 383 425
297 297 383 468
297 340 383 510
297 383 383 553
297 425 383 595
297 468 383 638
340 0 425 170
340 42 425 212
340 85 425 255
340 127 425 297
340 170 425 340
340 212 425 383
340 255 425 425
340 297 425 468
340 340 425 510
340 383 425 553
340 425 425 595
340 468 425 638
383 0 468 170
383 42 468 212
383 85 468 255
383 127 468 297
383 170 468 340
383 212 468 383
383 255 468 425
383 297 468 468
383 340 468 510
383 383 468 553
383 425 468 595
383 468 468 638
425 0 510 170
425 42 510 212
425 85 510 255
425 127 510 297
425 170 510 340
425 212 510 383
425 255 510 425
425 297 510 468
425 340 510 510
425 383 510 553
425 425 510 595
425 468 510 638
468 0 553 170
468 42 553 212
468 85 553 255
468 127 553 297
468 170 553 340
468 212 553 383
468 255 553 425
468 297 553 468
468 340 553 510
468 383 553 553
468 425 553 595
468 468 553 638
510 0 595 170
510 42 595 212
510 85 595 255
510 127 595 297
510 170 595 340
510 212 595 383
510 255 595 425
510 297 595 468
510 340 595 510
510 383 595 553
510 425 595 595
510 468 595 638
553 0 638 170
553 42 638 212
553 85 638 255
553 127 638 297
553 170 638 340
553 212 638 383
553 255 638 425
553 297 638 468
553 340 638 510
553 383 638 553
553 425 638 595
553 468 638 638
595 0 680 170
595 42 680 212
595 85 680 255
595 127 680 297
595 170 680 340
595 212 680 383
595 255 680 425
595 297 680 468
595 340 680 510
595 383 680 553
595 425 680 595
595 468 680 638
638 0 723 170
638 42 723 212
638 85 723 255
638 127 723 297
638 170 723 340
638 212 723 383
638 255 723 425
638 297 723 468
638 340 723 510
638 383 723 553
638 425 723 595
638 468 723 638
680 0 766 170
680 42 766 212
680 85 766 255
680 127 766 297
680 170 766 340
680 212 766 383
680 255 766 425
680 297 766 468
680 340 766 510
680 383 766 553
680 425 766 595
680 468 766 638
723 0 808 170
723 42 808 212
723 85 808 255
723 127 808 297
723 170 808 340
723 212 808 383
723 255 808 425
723 297 808 468
723 340 808 510
723 383 808 553
723 425 808 595
723 468 808 638
766 0 851 170
766 42 851 212
766 85 851 255
766 127 851 297
766 170 851 340
766 212 851 383
766 255 851 425
766 297 851 468
766 340 851 510
766 383 851 553
766 425 851 595
766 468 851 638
808 0 893 170
808 42 893 212
808 85 893 255
808 127 893 297
808 170 893 340
808 212 893 383
808 255 893 425
808 297 893 468
808 340 893 510
808 383 893 553
808 425 893 595
808 468 893 638
851 0 936 170
851 42 936 212
851 85 936 255
851 127 936 297
851 170 936 340
851 212 936 383
851 255 936 425
851 297 936 468
851 340 936 510
851 383 936 553
851 425 936 595
851 468 936 638
893 0 978 170
893 42 978 212
893 85 978 255
893 127 978 297
893 170 978 340
893 212 978 383
893 255 978 425
893 297 978 468
893 340 978 510
893 383 978 553
893 425 978 595
893 468 978 638
0 0 85 42
0 21 85 63
0 42 85 85
0 63 85 106
0 85 85 127
0 106 85 148
0 127 85 170
0 148 85 191
0 170 85 212
0 191 85 234
0 212 85 255
0 234 85 276
0 255 85 297
0 276 85 319
0 297 85 340
0 319 85 361
0 340 85 383
0 361 85 404
0 383 85 425
0 404 85 446
0 425 85 468
0 446 85 489
0 468 85 510
0 489 85 532
0 510 85 553
0 532 85 574
0 553 85 595
0 574 85 617
0 595 85 638
0 617 85 659
21 0 106 42
21 21 106 63
21 42 106 85
21 63 106 106
21 85 106 127
21 106 106 148
21 127 106 170
21 148 106 191
21 170 106 212
21 191 106 234
21 212 106 255
21 234 106 276
21 255 106 297
21 276 106 319
21 297 106 340
21 319 106 361
21 340 106 383
21 361 106 404
21 383 106 425
21 404 106 446
21 425 106 468
21 446 106 489
21 468 106 510
21 489 106 532
21 510 106 553
21 532 106 574
21 553 106 595
21 574 106 617
21 595 106 638
21 617 106 659
42 0 127 42
42 21 127 63
42 42 127 85
42 63 127 106
42 85 127 127
42 106 127 148
42 127 127 170
42 148 127 191
42 170 127 212
42 191 127 234
42 212 127 255
42 234 127 276
42 255 127 297
42 276 127 319
42 297 127 340
42 319 127 361
42 340 127 383
42 361 127 404
42 383 127 425
42 404 127 446
42 425 127 468
42 446 127 489
42 468 127 510
42 489 127 532
42 510 127 553
42 532 127 574
42 553 127 595
42 574 127 617
42 595 127 638
42 617 127 659
63 0 148 42
63 21 148 63
63 42 148 85
63 63 148 106
63 85 148 127
63 106 148 148
63 127 148 170
63 148 148 191
63 170 148 212
63 191 148 234
63 212 148 255
63 234 148 276
63 255 148 297
63 276 148 319
63 297 148 340
63 319 148 361
63 340 148 383
63 361 148 404
63 383 148 425
63 404 148 446
63 425 148 468
63 446 148 489
63 468 148 510
63 489 148 532
63 510 148 553
63 532 148 574
63 553 148 595
63 574 148 617
63 595 148 638
63 617 148 659
85 0 170 42
85 21 170 63
85 42 170 85
85 63 170 106
85 85 170 127
85 106 170 148
85 127 170 170
85 148 170 191
85 170 170 212
85 191 170 234
85 212 170 255
85 234 170 276
85 255 170 297
85 276 170 319
85 297 170 340
85 319 170 361
85 340 170 383
85 361 170 404
85 383 170 425
85 404 170 446
85 425 170 468
85 446 170 489
85 468 170 510
85 489 170 532
85 510 170 553
85 532 170 574
85 553 170 595
85 574 170 617
85 595 170 638
85 617 170 659
106 0 191 42
106 21 191 63
106 42 191 85
106 63 191 106
106 85 191 127
106 106 191 148
106 127 191 170
106 148 191 191
106 170 191 212
106 191 191 234
106 212 191 255
106 234 191 276
106 255 191 297
106 276 191 319
106 297 191 340
106 319 191 361
106 340 191 383
106 361 191 404
106 383 191 425
106 404 191 446
106 425 191 468
106 446 191 489
106 468 191 510
106 489 191 532
106 510 191 553
106 532 191 574
106 553 191 595
106 574 191 617
106 595 191 638
106 617 191 659
127 0 212 42
127 21 212 63
127 42 212 85
127 63 212 106
127 85 212 127
127 106 212 148
127 127 212 170
127 148 212 191
127 170 212 212
127 191 212 234
127 212 212 255
127 234 212 276
127 255 212 297
127 276 212 319
127 297 212 340
127 319 212 361
127 340 212 383
127 361 212 404
127 383 212 425
127 404 212 446
127 425 212 468
127 446 212 489
127 468 212 510
127 489 212 532
127 510 212 553
127 532 212 574
127 553 212 595
127 574 212 617
127 595 212 638
127 617 212 659
148 0 234 42
148 21 234 63
148 42 234 85
148 63 234 106
148 85 234 127
148 106 234 148
148 127 234 170
148 148 234 191
148 170 234 212
148 191 234 234
148 212 234 255
148 234 234 276
148 255 234 297
148 276 234 319
148 297 234 340
148 319 234 361
148 340 234 383
148 361 234 404
148 383 234 425
148 404 234 446
148 425 234 468
148 446 234 489
148 468 234 510
148 489 234 532
148 510 234 553
148 532 234 574
148 553 234 595
148 574 234 617
148 595 234 638
148 617 234 659
170 0 255 42
170 21 255 63
170 42 255 85
170 63 255 106
170 85 255 127
170 106 255 148
170 127 255 170
170 148 255 191
170 170 255 212
170 191 255 234
170 212 255 255
170 234 255 276
170 255 255 297
170 276 255 319
170 297 255 340
170 319 255 361
170 340 255 383
170 361 255 404
170 383 255 425
170 404 255 446
170 425 255 468
170 446 255 489
170 468 255 510
170 489 255 532
170 510 255 553
170 532 255 574
170 553 255 595
170 574 255 617
170 595 255 638
170 617 255 659
191 0 276 42
191 21 276 63
191 42 276 85
191 63 276 106
191 85 276 127
191 106 276 148
191 127 276 170
191 148 276 191
191 170 276 212
191 191 276 234
191 212 276 255
191 234 276 276
191 255 276 297
191 276 276 319
191 297 276 340
191 319 276 361
191 340 276 383
191 361 276 404
191 383 276 425
191 404 276 446
191 425 276 468
191 446 276 489
191 468 276 510
191 489 276 532
191 510 276 553
191 532 276 574
191 553 276 595
191 574 276 617
191 595 276 638
191 617 276 659
212 0 297 42
212 21 297 63
212 42 297 85
212 63 297 106
212 85 297 127
212 106 297 148
212 127 297 170
212 148 297 191
212 170 297 212
212 191 297 234
212 212 297 255
212 234 297 276
212 255 297 297
212 276 297 319
212 297 297 340
212 319 297 361
212 340 297 383
212 361 297 404
212 383 297 425
212 404 297 446
212 425 297 468
212 446 297 489
212 468 297 510
212 489 297 532
212 510 297 553
212 532 297 574
212 553 297 595
212 574 297 617
212 595 297 638
212 617 297 659
234 0 319 42
234 21 319 63
234 42 319 85
234 63 319 106
234 85 319 127
234 106 319 148
234 127 319 170
234 148 319 191
234 170 319 212
234 191 319 234
234 212 319 255
234 234 319 276
234 255 319 297
234 276 319 319
234 297 319 340
234 319 319 361
234 340 319 383
234 361 319 404
234 383 319 425
234 404 319 446
234 425 319 468
234 446 319 489
234 468 319 510
234 489 319 532
234 510 319 553
234 532 319 574
234 553 319 595
234 574 319 617
234 595 319 638
234 617 319 659
255 0 340 42
255 21 340 63
255 42 340 85
255 63 340 106
255 85 340 127
255 106 340 148
255 127 340 170
255 148 340 191
255 170 340 212
255 191 340 234
255 212 340 255
255 234 340 276
255 255 340 297
255 276 340 319
255 297 340 340
255 319 340 361
255 340 340 383
255 361 340 404
255 383 340 425
255 404 340 446
255 425 340 468
255 446 340 489
255 468 340 510
255 489 340 532
255 510 340 553
255 532 340 574
255 553 340 595
255 574 340 617
255 595 340 638
255 617 340 659
276 0 361 42
276 21 361 63
276 42 361 85
276 63 361 106
276 85 361 127
276 106 361 148
276 127 361 170
276 148 361 191
276 170 361 212
276 191 361 234
276 212 361 255
276 234 361 276
276 255 361 297
276 276 361 319
276 297 361 340
276 319 361 361
276 340 361 383
276 361 361 404
276 383 361 425
276 404 361 446
276 425 361 468
276 446 361 489
276 468 361 510
276 489 361 532
276 510 361 553
276 532 361 574
276 553 361 595
276 574 361 617
276 595 361 638
276 617 361 659
297 0 383 42
297 21 383 63
297 42 383 85
297 63 383 106
297 85 383 127
297 106 383 148
297 127 383 170
297 148 383 191
297 170 383 212
297 191 383 234
297 212 383 255
297 234 383 276
297 255 383 297
297 276 383 319
297 297 383 340
297 319 383 361
297 340 383 383
297 361 383 404
297 383 383 425
297 404 383 446
297 425 383 468
297 446 383 489
297 468 383 510
297 489 383 532
297 510 383 553
297 532 383 574
297 553 383 595
297 574 383 617
297 595 383 638
297 617 383 659
319 0 404 42
319 21 404 63
319 42 404 85
319 63 404 106
319 85 404 127
319 106 404 148
319 127 404 170
319 148 404 191
319 170 404 212
319 191 404 234
319 212 404 255
319 234 404 276
319 255 404 297
319 276 404 319
319 297 404 340
319 319 404 361
319 340 404 383
319 361 404 404
319 383 404 425
319 404 404 446
319 425 404 468
319 446 404 489
319 468 404 510
319 489 404 532
319 510 404 553
319 532 404 574
319 553 404 595
319 574 404 617
319 595 404 638
319 617 404 659
340 0 425 42
340 21 425 63
340 42 425 85
340 63 425 106
340 85 425 127
340 106 425 148
340 127 425 170
340 148 425 191
340 170 425 212
340 191 425 234
340 212 425 255
340 234 425 276
340 255 425 297
340 276 425 319
340 297 425 340
340 319 425 361
340 340 425 383
340 361 425 404
340 383 425 425
340 404 425 446
340 425 425 468
340 446 425 489
340 468 425 510
340 489 425 532
340 510 425 553
340 532 425 574
340 553 425 595
340 574 425 617
340 595 425 638
340 617 425 659
361 0 446 42
361 21 446 63
361 42 446 85
361 63 446 106
361 85 446 127
361 106 446 148
361 127 446 170
361 148 446 191
361 170 446 212
361 191 446 234
361 212 446 255
361 234 446 276
361 255 446 297
361 276 446 319
361 297 446 340
361 319 446 361
361 340 446 383
361 361 446 404
361 383 446 425
361 404 446 446
361 425 446 468
361 446 446 489
361 468 446 510
361 489 446 532
361 510 446 553
361 532 446 574
361 553 446 595
361 574 446 617
361 595 446 638
361 617 446 659
383 0 468 42
383 21 468 63
383 42 468 85
383 63 468 106
383 85 468 127
383 106 468 148
383 127 468 170
383 148 468 191
383 170 468 212
383 191 468 234
383 212 468 255
383 234 468 276
383 255 468 297
383 276 468 319
383 297 468 340
383 319 468 361
383 340 468 383
383 361 468 404
383 383 468 425
383 404 468 446
383 425 468 468
383 446 468 489
383 468 468 510
383 489 468 532
383 510 468 553
383 532 468 574
383 553 468 595
383 574 468 617
383 595 468 638
383 617 468 659
404 0 489 42
404 21 489 63
404 42 489 85
404 63 489 106
404 85 489 127
404 106 489 148
404 127 489 170
404 148 489 191
404 170 489 212
404 191 489 234
404 212 489 255
404 234 489 276
404 255 489 297
404 276 489 319
404 297 489 340
404 319 489 361
404 340 489 383
404 361 489 404
404 383 489 425
404 404 489 446
404 425 489 468
404 446 489 489
404 468 489 510
404 489 489 532
404 510 489 553
404 532 489 574
404 553 489 595
404 574 489 617
404 595 489 638
404 617 489 659
425 0 510 42
425 21 510 63
425 42 510 85
425 63 510 106
425 85 510 127
425 106 510 148
425 127 510 170
425 148 510 191
425 170 510 212
425 191 510 234
425 212 510 255
425 234 510 276
425 255 510 297
425 276 510 319
425 297 510 340
425 319 510 361
425 340 510 383
425 361 510 404
425 383 510 425
425 404 510 446
425 425 510 468
425 446 510 489
425 468 510 510
425 489 510 532
425 510 510 553
425 532 510 574
425 553 510 595
425 574 510 617
425 595 510 638
425 617 510 659
446 0 532 42
446 21 532 63
446 42 532 85
446 63 532 106
446 85 532 127
446 106 532 148
446 127 532 170
446 148 532 191
446 170 532 212
446 191 532 234
446 212 532 255
446 234 532 276
446 255 532 297
446 276 532 319
446 297 532 340
446 319 532 361
446 340 532 383
446 361 532 404
446 383 532 425
446 404 532 446
446 425 532 468
446 446 532 489
446 468 532 510
446 489 532 532
446 510 532 553
446 532 532 574
446 553 532 595
446 574 532 617
446 595 532 638
446 617 532 659
468 0 553 42
468 21 553 63
468 42 553 85
468 63 553 106
468 85 553 127
468 106 553 148
468 127 553 170
468 148 553 191
468 170 553 212
468 191 553 234
468 212 553 255
468 234 553 276
468 255 553 297
468 276 553 319
468 297 553 340
468 319 553 361
468 340 553 383
468 361 553 404
468 383 553 425
468 404 553 446
468 425 553 468
468 446 553 489
468 468 553 510
468 489 553 532
468 510 553 553
468 532 553 574
468 553 553 595
468 574 553 617
468 595 553 638
468 617 553 659
489 0 574 42
489 21 574 63
489 42 574 85
489 63 574 106
489 85 574 127
489 106 574 148
489 127 574 170
489 148 574 191
489 170 574 212
489 191 574 234
489 212 574 255
489 234 574 276
489 255 574 297
489 276 574 319
489 297 574 340
489 319 574 361
489 340 574 383
489 361 574 404
489 383 574 425
489 404 574 446
489 425 574 468
489 446 574 489
489 468 574 510
489 489 574 532
489 510 574 553
489 532 574 574
489 553 574 595
489 574 574 617
489 595 574 638
489 617 574 659
510 0 595 42
510 21 595 63
510 42 595 85
510 63 595 106
510 85 595 127
510 106 595 148
510 127 595 170
510 148 595 191
510 170 595 212
510 191 595 234
510 212 595 255
510 234 595 276
510 255 595 297
510 276 595 319
510 297 595 340
510 319 595 361
510 340 595 383
510 361 595 404
510 383 595 425
510 404 595 446
510 425 595 468
510 446 595 489
510 468 595 510
510 489 595 532
510 510 595 553
510 532 595 574
510 553 595 595
510 574 595 617
510 595 595 638
510 617 595 659
532 0 617 42
532 21 617 63
532 42 617 85
532 63 617 106
532 85 617 127
532 106 617 148
532 127 617 170
532 148 617 191
532 170 617 212
532 191 617 234
532 212 617 255
532 234 617 276
532 255 617 297
532 276 617 319
532 297 617 340
532 319 617 361
532 340 617 383
532 361 617 404
532 383 617 425
532 404 617 446
532 425 617 468
532 446 617 489
532 468 617 510
532 489 617 532
532 510 617 553
532 532 617 574
532 553 617 595
532 574 617 617
532 595 617 638
532 617 617 659
553 0 638 42
553 21 638 63
553 42 638 85
553 63 638 106
553 85 638 127
553 106 638 148
553 127 638 170
553 148 638 191
553 170 638 212
553 191 638 234
553 212 638 255
553 234 638 276
553 255 638 297
553 276 638 319
553 297 638 340
553 319 638 361
553 340 638 383
553 361 638 404
553 383 638 425
553 404 638 446
553 425 638 468
553 446 638 489
553 468 638 510
553 489 638 532
553 510 638 553
553 532 638 574
553 553 638 595
553 574 638 617
553 595 638 638
553 617 638 659
574 0 659 42
574 21 659 63
574 42 659 85
574 63 659 106
574 85 659 127
574 106 659 148
574 127 659 170
574 148 659 191
574 170 659 212
574 191 659 234
574 212 659 255
574 234 659 276
574 255 659 297
574 276 659 319
574 297 659 340
574 319 659 361
574 340 659 383
574 361 659 404
574 383 659 425
574 404 659 446
574 425 659 468
574 446 659 489
574 468 659 510
574 489 659 532
574 510 659 553
574 532 659 574
574 553 659 595
574 574 659 617
574 595 659 638
574 617 659 659
595 0 680 42
595 21 680 63
595 42 680 85
595 63 680 106
595 85 680 127
595 106 680 148
595 127 680 170
595 148 680 191
595 170 680 212
595 191 680 234
595 212 680 255
595 234 680 276
595 255 680 297
595 276 680 319
595 297 680 340
595 319 680 361
595 340 680 383
595 361 680 404
595 383 680 425
595 404 680 446
595 425 680 468
595 446 680 489
595 468 680 510
595 489 680 532
595 510 680 553
595 532 680 574
595 553 680 595
595 574 680 617
595 595 680 638
595 617 680 659
617 0 702 42
617 21 702 63
617 42 702 85
617 63 702 106
617 85 702 127
617 106 702 148
617 127 702 170
617 148 702 191
617 170 702 212
617 191 702 234
617 212 702 255
617 234 702 276
617 255 702 297
617 276 702 319
617 297 702 340
617 319 702 361
617 340 702 383
617 361 702 404
617 383 702 425
617 404 702 446
617 425 702 468
617 446 702 489
617 468 702 510
617 489 702 532
617 510 702 553
617 532 702 574
617 553 702 595
617 574 702 617
617 595 702 638
617 617 702 659
638 0 723 42
638 21 723 63
638 42 723 85
638 63 723 106
638 85 723 127
638 106 723 148
638 127 723 170
638 148 723 191
638 170 723 212
638 191 723 234
638 212 723 255
638 234 723 276
638 255 723 297
638 276 723 319
638 297 723 340
638 319 723 361
638 340 723 383
638 361 723 404
638 383 723 425
638 404 723 446
638 425 723 468
638 446 723 489
638 468 723 510
638 489 723 532
638 510 723 553
638 532 723 574
638 553 723 595
638 574 723 617
638 595 723 638
638 617 723 659
659 0 744 42
659 21 744 63
659 42 744 85
659 63 744 106
659 85 744 127
659 106 744 148
659 127 744 170
659 148 744 191
659 170 744 212
659 191 744 234
659 212 744 255
659 234 744 276
659 255 744 297
659 276 744 319
659 297 744 340
659 319 744 361
659 340 744 383
659 361 744 404
659 383 744 425
659 404 744 446
659 425 744 468
659 446 744 489
659 468 744 510
659 489 744 532
659 510 744 553
659 532 744 574
659 553 744 595
659 574 744 617
659 595 744 638
659 617 744 659
680 0 766 42
680 21 766 63
680 42 766 85
680 63 766 106
680 85 766 127
680 106 766 148
680 127 766 170
680 148 766 191
680 170 766 212
680 191 766 234
680 212 766 255
680 234 766 276
680 255 766 297
680 276 766 319
680 297 766 340
680 319 766 361
680 340 766 383
680 361 766 404
680 383 766 425
680 404 766 446
680 425 766 468
680 446 766 489
680 468 766 510
680 489 766 532
680 510 766 553
680 532 766 574
680 553 766 595
680 574 766 617
680 595 766 638
680 617 766 659
702 0 787 42
702 21 787 63
702 42 787 85
702 63 787 106
702 85 787 127
702 106 787 148
702 127 787 170
702 148 787 191
702 170 787 212
702 191 787 234
702 212 787 255
702 234 787 276
702 255 787 297
702 276 787 319
702 297 787 340
702 319 787 361
702 340 787 383
702 361 787 404
702 383 787 425
702 404 787 446
702 425 787 468
702 446 787 489
702 468 787 510
702 489 787 532
702 510 787 553
702 532 787 574
702 553 787 595
702 574 787 617
702 595 787 638
702 617 787 659
723 0 808 42
723 21 808 63
723 42 808 85
723 63 808 106
723 85 808 127
723 106 808 148
723 127 808 170
723 148 808 191
723 170 808 212
723 191 808 234
723 212 808 255
723 234 808 276
723 255 808 297
723 276 808 319
723 297 808 340
723 319 808 361
723 340 808 383
723 361 808 404
723 383 808 425
723 404 808 446
723 425 808 468
723 446 808 489
723 468 808 510
723 489 808 532
723 510 808 553
723 532 808 574
723 553 808 595
723 574 808 617
723 595 808 638
723 617 808 659
744 0 829 42
744 21 829 63
744 42 829 85
744 63 829 106
744 85 829 127
744 106 829 148
744 127 829 170
744 148 829 191
744 170 829 212
744 191 829 234
744 212 829 255
744 234 829 276
744 255 829 297
744 276 829 319
744 297 829 340
744 319 829 361
744 340 829 383
744 361 829 404
744 383 829 425
744 404 829 446
744 425 829 468
744 446 829 489
744 468 829 510
744 489 829 532
744 510 829 553
744 532 829 574
744 553 829 595
744 574 829 617
744 595 829 638
744 617 829 659
766 0 851 42
766 21 851 63
766 42 851 85
766 63 851 106
766 85 851 127
766 106 851 148
766 127 851 170
766 148 851 191
766 170 851 212
766 191 851 234
766 212 851 255
766 234 851 276
766 255 851 297
766 276 851 319
766 297 851 340
766 319 851 361
766 340 851 383
766 361 851 404
766 383 851 425
766 404 851 446
766 425 851 468
766 446 851 489
766 468 851 510
766 489 851 532
766 510 851 553
766 532 851 574
766 553 851 595
766 574 851 617
766 595 851 638
766 617 851 659
787 0 872 42
787 21 872 63
787 42 872 85
787 63 872 106
787 85 872 127
787 106 872 148
787 127 872 170
787 148 872 191
787 170 872 212
787 191 872 234
787 212 872 255
787 234 872 276
787 255 872 297
787 276 872 319
787 297 872 340
787 319 872 361
787 340 872 383
787 361 872 404
787 383 872 425
787 404 872 446
787 425 872 468
787 446 872 489
787 468 872 510
787 489 872 532
787 510 872 553
787 532 872 574
787 553 872 595
787 574 872 617
787 595 872 638
787 617 872 659
808 0 893 42
808 21 893 63
808 42 893 85
808 63 893 106
808 85 893 127
808 106 893 148
808 127 893 170
808 148 893 191
808 170 893 212
808 191 893 234
808 212 893 255
808 234 893 276
808 255 893 297
808 276 893 319
808 297 893 340
808 319 893 361
808 340 893 383
808 361 893 404
808 383 893 425
808 404 893 446
808 425 893 468
808 446 893 489
808 468 893 510
808 489 893 532
808 510 893 553
808 532 893 574
808 553 893 595
808 574 893 617
808 595 893 638
808 617 893 659
829 0 915 42
829 21 915 63
829 42 915 85
829 63 915 106
829 85 915 127
829 106 915 148
829 127 915 170
829 148 915 191
829 170 915 212
829 191 915 234
829 212 915 255
829 234 915 276
829 255 915 297
829 276 915 319
829 297 915 340
829 319 915 361
829 340 915 383
829 361 915 404
829 383 915 425
829 404 915 446
829 425 915 468
829 446 915 489
829 468 915 510
829 489 915 532
829 510 915 553
829 532 915 574
829 553 915 595
829 574 915 617
829 595 915 638
829 617 915 659
851 0 936 42
851 21 936 63
851 42 936 85
851 63 936 106
851 85 936 127
851 106 936 148
851 127 936 170
851 148 936 191
851 170 936 212
851 191 936 234
851 212 936 255
851 234 936 276
851 255 936 297
851 276 936 319
851 297 936 340
851 319 936 361
851 340 936 383
851 361 936 404
851 383 936 425
851 404 936 446
851 425 936 468
851 446 936 489
851 468 936 510
851 489 936 532
851 510 936 553
851 532 936 574
851 553 936 595
851 574 936 617
851 595 936 638
851 617 936 659
872 0 957 42
872 21 957 63
872 42 957 85
872 63 957 106
872 85 957 127
872 106 957 148
872 127 957 170
872 148 957 191
872 170 957 212
872 191 957 234
872 212 957 255
872 234 957 276
872 255 957 297
872 276 957 319
872 297 957 340
872 319 957 361
872 340 957 383
872 361 957 404
872 383 957 425
872 404 957 446
872 425 957 468
872 446 957 489
872 468 957 510
872 489 957 532
872 510 957 553
872 532 957 574
872 553 957 595
872 574 957 617
872 595 957 638
872 617 957 659
893 0 978 42
893 21 978 63
893 42 978 85
893 63 978 106
893 85 978 127
893 106 978 148
893 127 978 170
893 148 978 191
893 170 978 212
893 191 978 234
893 212 978 255
893 234 978 276
893 255 978 297
893 276 978 319
893 297 978 340
893 319 978 361
893 340 978 383
893 361 978 404
893 383 978 425
893 404 978 446
893 425 978 468
893 446 978 489
893 468 978 510
893 489 978 532
893 510 978 553
893 532 978 574
893 553 978 595
893 574 978 617
893 595 978 638
893 617 978 659
915 0 1000 42
915 21 1000 63
915 42 1000 85
915 63 1000 106
915 85 1000 127
915 106 1000 148
915 127 1000 170
915 148 1000 191
915 170 1000 212
915 191 1000 234
915 212 1000 255
915 234 1000 276
915 255 1000 297
915 276 1000 319
915 297 1000 340
915 319 1000 361
915 340 1000 383
915 361 1000 404
915 383 1000 425
915 404 1000 446
915 425 1000 468
915 446 1000 489
915 468 1000 510
915 489 1000 532
915 510 1000 553
915 532 1000 574
915 553 1000 595
915 574 1000 617
915 595 1000 638
915 617 1000 659
0 0 42 85
0 21 42 106
0 42 42 127
0 63 42 148
0 85 42 170
0 106 42 191
0 127 42 212
0 148 42 234
0 170 42 255
0 191 42 276
0 212 42 297
0 234 42 319
0 255 42 340
0 276 42 361
0 297 42 383
0 319 42 404
0 340 42 425
0 361 42 446
0 383 42 468
0 404 42 489
0 425 42 510
0 446 42 532
0 468 42 553
0 489 42 574
0 510 42 595
0 532 42 617
0 553 42 638
0 574 42 659
21 0 63 85
21 21 63 106
21 42 63 127
21 63 63 148
21 85 63 170
21 106 63 191
21 127 63 212
21 148 63 234
21 170 63 255
21 191 63 276
21 212 63 297
21 234 63 319
21 255 63 340
21 276 63 361
21 297 63 383
21 319 63 404
21 340 63 425
21 361 63 446
21 383 63 468
21 404 63 489
21 425 63 510
21 446 63 532
21 468 63 553
21 489 63 574
21 510 63 595
21 532 63 617
21 553 63 638
21 574 63 659
42 0 85 85
42 21 85 106
42 42 85 127
42 63 85 148
42 85 85 170
42 106 85 191
42 127 85 212
42 148 85 234
42 170 85 255
42 191 85 276
42 212 85 297
42 234 85 319
42 255 85 340
42 276 85 361
42 297 85 383
42 319 85 404
42 340 85 425
42 361 85 446
42 383 85 468
42 404 85 489
42 425 85 510
42 446 85 532
42 468 85 553
42 489 85 574
42 510 85 595
42 532 85 617
42 553 85 638
42 574 85 659
63 0 106 85
63 21 106 106
63 42 106 127
63 63 106 148
63 85 106 170
63 106 106 191
63 127 106 212
63 148 106 234
63 170 106 255
63 191 106 276
63 212 106 297
63 234 106 319
63 255 106 340
63 276 106 361
63 297 106 383
63 319 106 404
63 340 106 425
63 361 106 446
63 383 106 468
63 404 106 489
63 425 106 510
63 446 106 532
63 468 106 553
63 489 106 574
63 510 106 595
63 532 106 617
63 553 106 638
63 574 106 659
85 0 127 85
85 21 127 106
85 42 127 127
85 63 127 148
85 85 127 170
85 106 127 191
85 127 127 212
85 148 127 234
85 170 127 255
85 191 127 276
85 212 127 297
85 234 127 319
85 255 127 340
85 276 127 361
85 297 127 383
85 319 127 404
85 340 127 425
85 361 127 446
85 383 127 468
85 404 127 489
85 425 127 510
85 446 127 532
85 468 127 553
85 489 127 574
85 510 127 595
85 532 127 617
85 553 127 638
85 574 127 659
106 0 148 85
106 21 148 106
106 42 148 127
106 63 148 148
106 85 148 170
106 106 148 191
106 127 148 212
106 148 148 234
106 170 148 255
106 191 148 276
106 212 148 297
106 234 148 319
106 255 148 340
106 276 148 361
106 297 148 383
106 319 148 404
106 340 148 425
106 361 148 446
106 383 148 468
106 404 148 489
106 425 148 510
106 446 148 532
106 468 148 553
106 489 148 574
106 510 148 595
106 532 148 617
106 553 148 638
106 574 148 659
127 0 170 85
127 21 170 106
127 42 170 127
127 63 170 148
127 85 170 170
127 106 170 191
127 127 170 212
127 148 170 234
127 170 170 255
127 191 170 276
127 212 170 297
127 234 170 319
127 255 170 340
127 276 170 361
127 297 170 383
127 319 170 404
127 340 170 425
127 361 170 446
127 383 170 468
127 404 170 489
127 425 170 510
127 446 170 532
127 468 170 553
127 489 170 574
127 510 170 595
127 532 170 617
127 553 170 638
127 574 170 659
148 0 191 85
148 21 191 106
148 42 191 127
148 63 191 148
148 85 191 170
148 106 191 191
148 127 191 212
148 148 191 234
148 170 191 255
148 191 191 276
148 212 191 297
148 234 191 319
148 255 191 340
148 276 191 361
148 297 191 383
148 319 191 404
148 340 191 425
148 361 191 446
148 383 191 468
148 404 191 489
148 425 191 510
148 446 191 532
148 468 191 553
148 489 191 574
148 510 191 595
148 532 191 617
148 553 191 638
148 574 191 659
170 0 212 85
170 21 212 106
170 42 212 127
170 63 212 148
170 85 212 170
170 106 212 191
170 127 212 212
170 148 212 234
170 170 212 255
170 191 212 276
170 212 212 297
170 234 212 319
170 255 212 340
170 276 212 361
170 297 212 383
170 319 212 404
170 340 212 425
170 361 212 446
170 383 212 468
170 404 212 489
170 425 212 510
170 446 212 532
170 468 212 553
170 489 212 574
170 510 212 595
170 532 212 617
170 553 212 638
170 574 212 659
191 0 234 85
191 21 234 106
191 42 234 127
191 63 234 148
191 85 234 170
191 106 234 191
191 127 234 212
191 148 234 234
191 170 234 255
191 191 234 276
191 212 234 297
191 234 234 319
191 255 234 340
191 276 234 361
191 297 234 383
191 319 234 404
191 340 234 425
191 361 234 446
191 383 234 468
191 404 234 489
191 425 234 510
191 446 234 532
191 468 234 553
191 489 234 574
191 510 234 595
191 532 234 617
191 553 234 638
191 574 234 659
212 0 255 85
212 21 255 106
212 42 255 127
212 63 255 148
212 85 255 170
212 106 255 191
212 127 255 212
212 148 255 234
212 170 255 255
212 191 255 276
212 212 255 297
212 234 255 319
212 255 255 340
212 276 255 361
212 297 255 383
212 319 255 404
212 340 255 425
212 361 255 446
212 383 255 468
212 404 255 489
212 425 255 510
212 446 255 532
212 468 255 553
212 489 255 574
212 510 255 595
212 532 255 617
212 553 255 638
212 574 255 659
234 0 276 85
234 21 276 106
234 42 276 127
234 63 276 148
234 85 276 170
234 106 276 191
234 127 276 212
234 148 276 234
234 170 276 255
234 191 276 276
234 212 276 297
234 234 276 319
234 255 276 340
234 276 276 361
234 297 276 383
234 319 276 404
234 340 276 425
234 361 276 446
234 383 276 468
234 404 276 489
234 425 276 510
234 446 276 532
234 468 276 553
234 489 276 574
234 510 276 595
234 532 276 617
234 553 276 638
234 574 276 659
255 0 297 85
255 21 297 106
255 42 297 127
255 63 297 148
255 85 297 170
255 106 297 191
255 127 297 212
255 148 297 234
255 170 297 255
255 191 297 276
255 212 297 297
255 234 297 319
255 255 297 340
255 276 297 361
255 297 297 383
255 319 297 404
255 340 297 425
255 361 297 446
255 383 297 468
255 404 297 489
255 425 297 510
255 446 297 532
255 468 297 553
255 489 297 574
255 510 297 595
255 532 297 617
255 553 297 638
255 574 297 659
276 0 319 85
276 21 319 106
276 42 319 127
276 63 319 148
276 85 319 170
276 106 319 191
276 127 319 212
276 148 319 234
276 170 319 255
276 191 319 276
276 212 319 297
276 234 319 319
276 255 319 340
276 276 319 361
276 297 319 383
276 319 319 404
276 340 319 425
276 361 319 446
276 383 319 468
276 404 319 489
276 425 319 510
276 446 319 532
276 468 319 553
276 489 319 574
276 510 319 595
276 532 319 617
276 553 319 638
276 574 319 659
297 0 340 85
297 21 340 106
297 42 340 127
297 63 340 148
297 85 340 170
297 106 340 191
297 127 340 212
297 148 340 234
297 170 340 255
297 191 340 276
297 212 340 297
297 234 340 319
297 255 340 340
297 276 340 361
297 297 340 383
297 319 340 404
297 340 340 425
297 361 340 446
297 383 340 468
297 404 340 489
297 425 340 510
297 446 340 532
297 468 340 553
297 489 340 574
297 510 340 595
297 532 340 617
297 553 340 638
297 574 340 659
319 0 361 85
319 21 361 106
319 42 361 127
319 63 361 148
319 85 361 170
319 106 361 191
319 127 361 212
319 148 361 234
319 170 361 255
319 191 361 276
319 212 361 297
319 234 361 319
319 255 361 340
319 276 361 361
319 297 361 383
319 319 361 404
319 340 361 425
319 361 361 446
319 383 361 468
319 404 361 489
319 425 361 510
319 446 361 532
319 468 361 553
319 489 361 574
319 510 361 595
319 532 361 617
319 553 361 638
319 574 361 659
340 0 383 85
340 21 383 106
340 42 383 127
340 63 383 148
340 85 383 170
340 106 383 191
340 127 383 212
340 148 383 234
340 170 383 255
340 191 383 276
340 212 383 297
340 234 383 319
340 255 383 340
340 276 383 361
340 297 383 383
340 319 383 404
340 340 383 425
340 361 383 446
340 383 383 468
340 404 383 489
340 425 383 510
340 446 383 532
340 468 383 553
340 489 383 574
340 510 383 595
340 532 383 617
340 553 383 638
340 574 383 659
361 0 404 85
361 21 404 106
361 42 404 127
361 63 404 148
361 85 404 170
361 106 404 191
361 127 404 212
361 148 404 234
361 170 404 255
361 191 404 276
361 212 404 297
361 234 404 319
361 255 404 340
361 276 404 361
361 297 404 383
361 319 404 404
361 340 404 425
361 361 404 446
361 383 404 468
361 404 404 489
361 425 404 510
361 446 404 532
361 468 404 553
361 489 404 574
361 510 404 595
361 532 404 617
361 553 404 638
361 574 404 659
383 0 425 85
383 21 425 106
383 42 425 127
383 63 425 148
383 85 425 170
383 106 425 191
383 127 425 212
383 148 425 234
383 170 425 255
383 191 425 276
383 212 425 297
383 234 425 319
383 255 425 340
383 276 425 361
383 297 425 383
383 319 425 404
383 340 425 425
383 361 425 446
383 383 425 468
383 404 425 489
383 425 425 510
383 446 425 532
383 468 425 553
383 489 425 574
383 510 425 595
383 532 425 617
383 553 425 638
383 574 425 659
404 0 446 85
404 21 446 106
404 42 446 127
404 63 446 148
404 85 446 170
404 106 446 191
404 127 446 212
404 148 446 234
404 170 446 255
404 191 446 276
404 212 446 297
404 234 446 319
404 255 446 340
404 276 446 361
404 297 446 383
404 319 446 404
404 340 446 425
404 361 446 446
404 383 446 468
404 404 446 489
404 425 446 510
404 446 446 532
404 468 446 553
404 489 446 574
404 510 446 595
404 532 446 617
404 553 446 638
404 574 446 659
425 0 468 85
425 21 468 106
425 42 468 127
425 63 468 148
425 85 468 170
425 106 468 191
425 127 468 212
425 148 468 234
425 170 468 255
425 191 468 276
425 212 468 297
425 234 468 319
425 255 468 340
425 276 468 361
425 297 468 383
425 319 468 404
425 340 468 425
425 361 468 446
425 383 468 468
425 404 468 489
425 425 468 510
425 446 468 532
425 468 468 553
425 489 468 574
425 510 468 595
425 532 468 617
425 553 468 638
425 574 468 659
446 0 489 85
446 21 489 106
446 42 489 127
446 63 489 148
446 85 489 170
446 106 489 191
446 127 489 212
446 148 489 234
446 170 489 255
446 191 489 276
446 212 489 297
446 234 489 319
446 255 489 340
446 276 489 361
446 297 489 383
446 319 489 404
446 340 489 425
446 361 489 446
446 383 489 468
446 404 489 489
446 425 489 510
446 446 489 532
446 468 489 553
446 489 489 574
446 510 489 595
446 532 489 617
446 553 489 638
446 574 489 659
468 0 510 85
468 21 510 106
468 42 510 127
468 63 510 148
468 85 510 170
468 106 510 191
468 127 510 212
468 148 510 234
468 170 510 255
468 191 510 276
468 212 510 297
468 234 510 319
468 255 510 340
468 276 510 361
468 297 510 383
468 319 510 404
468 340 510 425
468 361 510 446
468 383 510 468
468 404 510 489
468 425 510 510
468 446 510 532
468 468 510 553
468 489 510 574
468 510 510 595
468 532 510 617
468 553 510 638
468 574 510 659
489 0 532 85
489 21 532 106
489 42 532 127
489 63 532 148
489 85 532 170
489 106 532 191
489 127 532 212
489 148 532 234
489 170 532 255
489 191 532 276
489 212 532 297
489 234 532 319
489 255 532 340
489 276 532 361
489 297 532 383
489 319 532 404
489 340 532 425
489 361 532 446
489 383 532 468
489 404 532 489
489 425 532 510
489 446 532 532
489 468 532 553
489 489 532 574
489 510 532 595
489 532 532 617
489 553 532 638
489 574 532 659
510 0 553 85
510 21 553 106
510 42 553 127
510 63 553 148
510 85 553 170
510 106 553 191
510 127 553 212
510 148 553 234
510 170 553 255
510 191 553 276
510 212 553 297
510 234 553 319
510 255 553 340
510 276 553 361
510 297 553 383
510 319 553 404
510 340 553 425
510 361 553 446
510 383 553 468
510 404 553 489
510 425 553 510
510 446 553 532
510 468 553 553
510 489 553 574
510 510 553 595
510 532 553 617
510 553 553 638
510 574 553 659
532 0 574 85
532 21 574 106
532 42 574 127
532 63 574 148
532 85 574 170
532 106 574 191
532 127 574 212
532 148 574 234
532 170 574 255
532 191 574 276
532 212 574 297
532 234 574 319
532 255 574 340
532 276 574 361
532 297 574 383
532 319 574 404
532 340 574 425
532 361 574 446
532 383 574 468
532 404 574 489
532 425 574 510
532 446 574 532
532 468 574 553
532 489 574 574
532 510 574 595
532 532 574 617
532 553 574 638
532 574 574 659
553 0 595 85
553 21 595 106
553 42 595 127
553 63 595 148
553 85 595 170
553 106 595 191
553 127 595 212
553 148 595 234
553 170 595 255
553 191 595 276
553 212 595 297
553 234 595 319
553 255 595 340
553 276 595 361
553 297 595 383
553 319 595 404
553 340 595 425
553 361 595 446
553 383 595 468
553 404 595 489
553 425 595 510
553 446 595 532
553 468 595 553
553 489 595 574
553 510 595 595
553 532 595 617
553 553 595 638
553 574 595 659
574 0 617 85
574 21 617 106
574 42 617 127
574 63 617 148
574 85 617 170
574 106 617 191
574 127 617 212
574 148 617 234
574 170 617 255
574 191 617 276
574 212 617 297
574 234 617 319
574 255 617 340
574 276 617 361
574 297 617 383
574 319 617 404
574 340 617 425
574 361 617 446
574 383 617 468
574 404 617 489
574 425 617 510
574 446 617 532
574 468 617 553
574 489 617 574
574 510 617 595
574 532 617 617
574 553 617 638
574 574 617 659
595 0 638 85
595 21 638 106
595 42 638 127
595 63 638 148
595 85 638 170
595 106 638 191
595 127 638 212
595 148 638 234
595 170 638 255
595 191 638 276
595 212 638 297
595 234 638 319
595 255 638 340
595 276 638 361
595 297 638 383
595 319 638 404
595 340 638 425
595 361 638 446
595 383 638 468
595 404 638 489
595 425 638 510
595 446 638 532
595 468 638 553
595 489 638 574
595 510 638 595
595 532 638 617
595 553 638 638
595 574 638 659
617 0 659 85
617 21 659 106
617 42 659 127
617 63 659 148
617 85 659 170
617 106 659 191
617 127 659 212
617 148 659 234
617 170 659 255
617 191 659 276
617 212 659 297
617 234 659 319
617 255 659 340
617 276 659 361
617 297 659 383
617 319 659 404
617 340 659 425
617 361 659 446
617 383 659 468
617 404 659 489
617 425 659 510
617 446 659 532
617 468 659 553
617 489 659 574
617 510 659 595
617 532 659 617
617 553 659 638
617 574 659 659
638 0 680 85
638 21 680 106
638 42 680 127
638 63 680 148
638 85 680 170
638 106 680 191
638 127 680 212
638 148 680 234
638 170 680 255
638 191 680 276
638 212 680 297
638 234 680 319
638 255 680 340
638 276 680 361
638 297 680 383
638 319 680 404
638 340 680 425
638 361 680 446
638 383 680 468
638 404 680 489
638 425 680 510
638 446 680 532
638 468 680 553
638 489 680 574
638 510 680 595
638 532 680 617
638 553 680 638
638 574 680 659
659 0 702 85
659 21 702 106
659 42 702 127
659 63 702 148
659 85 702 170
659 106 702 191
659 127 702 212
659 148 702 234
659 170 702 255
659 191 702 276
659 212 702 297
659 234 702 319
659 255 702 340
659 276 702 361
659 297 702 383
659 319 702 404
659 340 702 425
659 361 702 446
659 383 702 468
659 404 702 489
659 425 702 510
659 446 702 532
659 468 702 553
659 489 702 574
659 510 702 595
659 532 702 617
659 553 702 638
659 574 702 659
680 0 723 85
680 21 723 106
680 42 723 127
680 63 723 148
680 85 723 170
680 106 723 191
680 127 723 212
680 148 723 234
680 170 723 255
680 191 723 276
680 212 723 297
680 234 723 319
680 255 723 340
680 276 723 361
680 297 723 383
680 319 723 404
680 340 723 425
680 361 723 446
680 383 723 468
680 404 723 489
680 425 723 510
680 446 723 532
680 468 723 553
680 489 723 574
680 510 723 595
680 532 723 617
680 553 723 638
680 574 723 659
702 0 744 85
702 21 744 106
702 42 744 127
702 63 744 148
702 85 744 170
702 106 744 191
702 127 744 212
702 148 744 234
702 170 744 255
702 191 744 276
702 212 744 297
702 234 744 319
702 255 744 340
702 276 744 361
702 297 744 383
702 319 744 404
702 340 744 425
702 361 744 446
702 383 744 468
702 404 744 489
702 425 744 510
702 446 744 532
702 468 744 553
702 489 744 574
702 510 744 595
702 532 744 617
702 553 744 638
702 574 744 659
723 0 766 85
723 21 766 106
723 42 766 127
723 63 766 148
723 85 766 170
723 106 766 191
723 127 766 212
723 148 766 234
723 170 766 255
723 191 766 276
723 212 766 297
723 234 766 319
723 255 766 340
723 276 766 361
723 297 766 383
723 319 766 404
723 340 766 425
723 361 766 446
723 383 766 468
723 404 766 489
723 425 766 510
723 446 766 532
723 468 766 553
723 489 766 574
723 510 766 595
723 532 766 617
723 553 766 638
723 574 766 659
744 0 787 85
744 21 787 106
744 42 787 127
744 63 787 148
744 85 787 170
744 106 787 191
744 127 787 212
744 148 787 234
744 170 787 255
744 191 787 276
744 212 787 297
744 234 787 319
744 255 787 340
744 276 787 361
744 297 787 383
744 319 787 404
744 340 787 425
744 361 787 446
744 383 787 468
744 404 787 489
744 425 787 510
744 446 787 532
744 468 787 553
744 489 787 574
744 510 787 595
744 532 787 617
744 553 787 638
744 574 787 659
766 0 808 85
766 21 808 106
766 42 808 127
766 63 808 148
766 85 808 170
766 106 808 191
766 127 808 212
766 148 808 234
766 170 808 255
766 191 808 276
766 212 808 297
766 234 808 319
766 255 808 340
766 276 808 361
766 297 808 383
766 319 808 404
766 340 808 425
766 361 808 446
766 383 808 468
766 404 808 489
766 425 808 510
766 446 808 532
766 468 808 553
766 489 808 574
766 510 808 595
766 532 808 617
766 553 808 638
766 574 808 659
787 0 829 85
787 21 829 106
787 42 829 127
787 63 829 148
787 85 829 170
787 106 829 191
787 127 829 212
787 148 829 234
787 170 829 255
787 191 829 276
787 212 829 297
787 234 829 319
787 255 829 340
787 276 829 361
787 297 829 383
787 319 829 404
787 340 829 425
787 361 829 446
787 383 829 468
787 404 829 489
787 425 829 510
787 446 829 532
787 468 829 553
787 489 829 574
787 510 829 595
787 532 829 617
787 553 829 638
787 574 829 659
808 0 851 85
808 21 851 106
808 42 851 127
808 63 851 148
808 85 851 170
808 106 851 191
808 127 851 212
808 148 851 234
808 170 851 255
808 191 851 276
808 212 851 297
808 234 851 319
808 255 851 340
808 276 851 361
808 297 851 383
808 319 851 404
808 340 851 425
808 361 851 446
808 383 851 468
808 404 851 489
808 425 851 510
808 446 851 532
808 468 851 553
808 489 851 574
808 510 851 595
808 532 851 617
808 553 851 638
808 574 851 659
829 0 872 85
829 21 872 106
829 42 872 127
829 63 872 148
829 85 872 170
829 106 872 191
829 127 872 212
829 148 872 234
829 170 872 255
829 191 872 276
829 212 872 297
829 234 872 319
829 255 872 340
829 276 872 361
829 297 872 383
829 319 872 404
829 340 872 425
829 361 872 446
829 383 872 468
829 404 872 489
829 425 872 510
829 446 872 532
829 468 872 553
829 489 872 574
829 510 872 595
829 532 872 617
829 553 872 638
829 574 872 659
851 0 893 85
851 21 893 106
851 42 893 127
851 63 893 148
851 85 893 170
851 106 893 191
851 127 893 212
851 148 893 234
851 170 893 255
851 191 893 276
851 212 893 297
851 234 893 319
851 255 893 340
851 276 893 361
851 297 893 383
851 319 893 404
851 340 893 425
851 361 893 446
851 383 893 468
851 404 893 489
851 425 893 510
851 446 893 532
851 468 893 553
851 489 893 574
851 510 893 595
851 532 893 617
851 553 893 638
851 574 893 659
872 0 915 85
872 21 915 106
872 42 915 127
872 63 915 148
872 85 915 170
872 106 915 191
872 127 915 212
872 148 915 234
872 170 915 255
872 191 915 276
872 212 915 297
872 234 915 319
872 255 915 340
872 276 915 361
872 297 915 383
872 319 915 404
872 340 915 425
872 361 915 446
872 383 915 468
872 404 915 489
872 425 915 510
872 446 915 532
872 468 915 553
872 489 915 574
872 510 915 595
872 532 915 617
872 553 915 638
872 574 915 659
893 0 936 85
893 21 936 106
893 42 936 127
893 63 936 148
893 85 936 170
893 106 936 191
893 127 936 212
893 148 936 234
893 170 936 255
893 191 936 276
893 212 936 297
893 234 936 319
893 255 936 340
893 276 936 361
893 297 936 383
893 319 936 404
893 340 936 425
893 361 936 446
893 383 936 468
893 404 936 489
893 425 936 510
893 446 936 532
893 468 936 553
893 489 936 574
893 510 936 595
893 532 936 617
893 553 936 638
893 574 936 659
915 0 957 85
915 21 957 106
915 42 957 127
915 63 957 148
915 85 957 170
915 106 957 191
915 127 957 212
915 148 957 234
915 170 957 255
915 191 957 276
915 212 957 297
915 234 957 319
915 255 957 340
915 276 957 361
915 297 957 383
915 319 957 404
915 340 957 425
915 361 957 446
915 383 957 468
915 404 957 489
915 425 957 510
915 446 957 532
915 468 957 553
915 489 957 574
915 510 957 595
915 532 957 617
915 553 957 638
915 574 957 659
936 0 978 85
936 21 978 106
936 42 978 127
936 63 978 148
936 85 978 170
936 106 978 191
936 127 978 212
936 148 978 234
936 170 978 255
936 191 978 276
936 212 978 297
936 234 978 319
936 255 978 340
936 276 978 361
936 297 978 383
936 319 978 404
936 340 978 425
936 361 978 446
936 383 978 468
936 404 978 489
936 425 978 510
936 446 978 532
936 468 978 553
936 489 978 574
936 510 978 595
936 532 978 617
936 553 978 638
936 574 978 659
957 0 1000 85
957 21 1000 106
957 42 1000 127
957 63 1000 148
957 85 1000 170
957 106 1000 191
957 127 1000 212
957 148 1000 234
957 170 1000 255
957 191 1000 276
957 212 1000 297
957 234 1000 319
957 255 1000 340
957 276 1000 361
957 297 1000 383
957 319 1000 404
957 340 1000 425
957 361 1000 446
957 383 1000 468
957 404 1000 489
957 425 1000 510
957 446 1000 532
957 468 1000 553
957 489 1000 574
957 510 1000 595
957 532 1000 617
957 553 1000 638
957 574 1000 659
