0 0 326 556
211 0 700 278
412 124 556 220
547 0 681 124
422 9 700 201
451 374 604 528
844 288 1065 518
441 393 643 537
441 355 624 528
355 220 480 355
201 268 393 345
153 307 345 441
28 355 201 643
67 480 220 624
0 528 124 720
86 432 240 633
76 441 211 604
739 355 854 528
739 374 844 518
470 364 614 499
729 384 979 547
470 412 614 518
211 556 950 758
576 566 672 720
921 499 1065 662
67 566 470 758
432 566 720 758
374 566 672 758
393 576 652 652
326 652 595 758
681 796 1065 1248
806 912 998 1190
259 969 528 1190
288 998 451 1142
288 1008 432 1123
460 1123 585 1248
48 960 240 1152
67 998 278 1228
86 1017 249 1190
0 1027 163 1248
518 1036 777 1171
528 1065 758 1228
528 1104 758 1219
220 1113 422 1219
547 1123 700 1200
220 1132 547 1248
816 912 988 1180
816 921 969 1171
0 1286 153 1363
0 1296 163 1430
739 1324 921 1488
806 1296 969 1401
835 1363 969 1670
902 1296 1065 1670
182 1411 748 1670
211 1411 432 1670
537 1363 672 1545
537 1353 672 1555
537 1334 787 1670
230 1440 403 1641
0 1411 662 1680
153 1430 249 1670
672 1699 1065 1852
163 1420 326 1670
192 1449 336 1603
748 1459 960 1660
768 1478 950 1651
777 1488 940 1603
153 1564 316 1660
528 1056 768 1228
153 1430 336 1670
288 652 595 758
537 1305 739 1545
403 124 556 230
172 1440 403 1641
172 1411 748 1670
0 432 240 720
0 422 249 720
758 1363 969 1670
758 1296 969 1670
374 566 844 787
547 566 672 720
403 115 556 230
86 1113 422 1219
48 960 422 1219
28 355 201 691
758 1296 1065 1670
28 355 470 758
451 364 614 528
739 1296 1065 1670
0 0 268 268
0 134 268 403
0 268 268 537
0 403 268 672
0 537 268 806
0 672 268 940
0 806 268 1075
0 940 268 1209
0 1075 268 1344
0 1209 268 1478
0 1344 268 1612
0 1478 268 1747
0 1612 268 1881
134 0 403 268
134 134 403 403
134 268 403 537
134 403 403 672
134 537 403 806
134 672 403 940
134 806 403 1075
134 940 403 1209
134 1075 403 1344
134 1209 403 1478
134 1344 403 1612
134 1478 403 1747
134 1612 403 1881
268 0 537 268
268 134 537 403
268 268 537 537
268 403 537 672
268 537 537 806
268 672 537 940
268 806 537 1075
268 940 537 1209
268 1075 537 1344
268 1209 537 1478
268 1344 537 1612
268 1478 537 1747
268 1612 537 1881
403 0 672 268
403 134 672 403
403 268 672 537
403 403 672 672
403 537 672 806
403 672 672 940
403 806 672 1075
403 940 672 1209
403 1075 672 1344
403 1209 672 1478
403 1344 672 1612
403 1478 672 1747
403 1612 672 1881
537 0 806 268
537 134 806 403
537 268 806 537
537 403 806 672
537 537 806 806
537 672 806 940
537 806 806 1075
537 940 806 1209
537 1075 806 1344
537 1209 806 1478
537 1344 806 1612
537 1478 806 1747
537 1612 806 1881
672 0 940 268
672 134 940 403
672 268 940 537
672 403 940 672
672 537 940 806
672 672 940 940
672 806 940 1075
672 940 940 1209
672 1075 940 1344
672 1209 940 1478
672 1344 940 1612
672 1478 940 1747
672 1612 940 1881
0 0 537 268
0 134 537 403
0 268 537 537
0 403 537 672
0 537 537 806
0 672 537 940
0 806 537 1075
0 940 537 1209
0 1075 537 1344
0 1209 537 1478
0 1344 537 1612
0 1478 537 1747
0 1612 537 1881
134 0 672 268
134 134 672 403
134 268 672 537
134 403 672 672
134 537 672 806
134 672 672 940
134 806 672 1075
134 940 672 1209
134 1075 672 1344
134 1209 672 1478
134 1344 672 1612
134 1478 672 1747
134 1612 672 1881
268 0 806 268
268 134 806 403
268 268 806 537
268 403 806 672
268 537 806 806
268 672 806 940
268 806 806 1075
268 940 806 1209
268 1075 806 1344
268 1209 806 1478
268 1344 806 1612
268 1478 806 1747
268 1612 806 1881
403 0 940 268
403 134 940 403
403 268 940 537
403 403 940 672
403 537 940 806
403 672 940 940
403 806 940 1075
403 940 940 1209
403 1075 940 1344
403 1209 940 1478
403 1344 940 1612
403 1478 940 1747
403 1612 940 1881
0 0 268 537
0 134 268 672
0 268 268 806
0 403 268 940
0 537 268 1075
0 672 268 1209
0 806 268 1344
0 940 268 1478
0 1075 268 1612
0 1209 268 1747
0 1344 268 1881
134 0 403 537
134 134 403 672
134 268 403 806
134 403 403 940
134 537 403 1075
134 672 403 1209
134 806 403 1344
134 940 403 1478
134 1075 403 1612
134 1209 403 1747
134 1344 403 1881
268 0 537 537
268 134 537 672
268 268 537 806
268 403 537 940
268 537 537 1075
268 672 537 1209
268 806 537 1344
268 940 537 1478
268 1075 537 1612
268 1209 537 1747
268 1344 537 1881
403 0 672 537
403 134 672 672
403 268 672 806
403 403 672 940
403 537 672 1075
403 672 672 1209
403 806 672 1344
403 940 672 1478
403 1075 672 1612
403 1209 672 1747
403 1344 672 1881
537 0 806 537
537 134 806 672
537 268 806 806
537 403 806 940
537 537 806 1075
537 672 806 1209
537 806 806 1344
537 940 806 1478
537 1075 806 1612
537 1209 806 1747
537 1344 806 1881
672 0 940 537
672 134 940 672
672 268 940 806
672 403 940 940
672 537 940 1075
672 672 940 1209
672 806 940 1344
672 940 940 1478
672 1075 940 1612
672 1209 940 1747
672 1344 940 1881
0 0 134 134
0 67 134 201
0 134 134 268
0 201 134 336
0 268 134 403
0 336 134 470
0 403 134 537
0 470 134 604
0 537 134 672
0 604 134 739
0 672 134 806
0 739 134 873
0 806 134 940
0 873 134 1008
0 940 134 1075
0 1008 134 1142
0 1075 134 1209
0 1142 134 1276
0 1209 134 1344
0 1276 134 1411
0 1344 134 1478
0 1411 134 1545
0 1478 134 1612
0 1545 134 1680
0 1612 134 1747
0 1680 134 1814
0 1747 134 1881
67 0 201 134
67 67 201 201
67 134 201 268
67 201 201 336
67 268 201 403
67 336 201 470
67 403 201 537
67 470 201 604
67 537 201 672
67 604 201 739
67 672 201 806
67 739 201 873
67 806 201 940
67 873 201 1008
67 940 201 1075
67 1008 201 1142
67 1075 201 1209
67 1142 201 1276
67 1209 201 1344
67 1276 201 1411
67 1344 201 1478
67 1411 201 1545
67 1478 201 1612
67 1545 201 1680
67 1612 201 1747
67 1680 201 1814
67 1747 201 1881
134 0 268 134
134 67 268 201
134 134 268 268
134 201 268 336
134 268 268 403
134 336 268 470
134 403 268 537
134 470 268 604
134 537 268 672
134 604 268 739
134 672 268 806
134 739 268 873
134 806 268 940
134 873 268 1008
134 940 268 1075
134 1008 268 1142
134 1075 268 1209
134 1142 268 1276
134 1209 268 1344
134 1276 268 1411
134 1344 268 1478
134 1411 268 1545
134 1478 268 1612
134 1545 268 1680
134 1612 268 1747
134 1680 268 1814
134 1747 268 1881
201 0 336 134
201 67 336 201
201 134 336 268
201 201 336 336
201 268 336 403
201 336 336 470
201 403 336 537
201 470 336 604
201 537 336 672
201 604 336 739
201 672 336 806
201 739 336 873
201 806 336 940
201 873 336 1008
201 940 336 1075
201 1008 336 1142
201 1075 336 1209
201 1142 336 1276
201 1209 336 1344
201 1276 336 1411
201 1344 336 1478
201 1411 336 1545
201 1478 336 1612
201 1545 336 1680
201 1612 336 1747
201 1680 336 1814
201 1747 336 1881
268 0 403 134
268 67 403 201
268 134 403 268
268 201 403 336
268 268 403 403
268 336 403 470
268 403 403 537
268 470 403 604
268 537 403 672
268 604 403 739
268 672 403 806
268 739 403 873
268 806 403 940
268 873 403 1008
268 940 403 1075
268 1008 403 1142
268 1075 403 1209
268 1142 403 1276
268 1209 403 1344
268 1276 403 1411
268 1344 403 1478
268 1411 403 1545
268 1478 403 1612
268 1545 403 1680
268 1612 403 1747
268 1680 403 1814
268 1747 403 1881
336 0 470 134
336 67 470 201
336 134 470 268
336 201 470 336
336 268 470 403
336 336 470 470
336 403 470 537
336 470 470 604
336 537 470 672
336 604 470 739
336 672 470 806
336 739 470 873
336 806 470 940
336 873 470 1008
336 940 470 1075
336 1008 470 1142
336 1075 470 1209
336 1142 470 1276
336 1209 470 1344
336 1276 470 1411
336 1344 470 1478
336 1411 470 1545
336 1478 470 1612
336 1545 470 1680
336 1612 470 1747
336 1680 470 1814
336 1747 470 1881
403 0 537 134
403 67 537 201
403 134 537 268
403 201 537 336
403 268 537 403
403 336 537 470
403 403 537 537
403 470 537 604
403 537 537 672
403 604 537 739
403 672 537 806
403 739 537 873
403 806 537 940
403 873 537 1008
403 940 537 1075
403 1008 537 1142
403 1075 537 1209
403 1142 537 1276
403 1209 537 1344
403 1276 537 1411
403 1344 537 1478
403 1411 537 1545
403 1478 537 1612
403 1545 537 1680
403 1612 537 1747
403 1680 537 1814
403 1747 537 1881
470 0 604 134
470 67 604 201
470 134 604 268
470 201 604 336
470 268 604 403
470 336 604 470
470 403 604 537
470 470 604 604
470 537 604 672
470 604 604 739
470 672 604 806
470 739 604 873
470 806 604 940
470 873 604 1008
470 940 604 1075
470 1008 604 1142
470 1075 604 1209
470 1142 604 1276
470 1209 604 1344
470 1276 604 1411
470 1344 604 1478
470 1411 604 1545
470 1478 604 1612
470 1545 604 1680
470 1612 604 1747
470 1680 604 1814
470 1747 604 1881
537 0 672 134
537 67 672 201
537 134 672 268
537 201 672 336
537 268 672 403
537 336 672 470
537 403 672 537
537 470 672 604
537 537 672 672
537 604 672 739
537 672 672 806
537 739 672 873
537 806 672 940
537 873 672 1008
537 940 672 1075
537 1008 672 1142
537 1075 672 1209
537 1142 672 1276
537 1209 672 1344
537 1276 672 1411
537 1344 672 1478
537 1411 672 1545
537 1478 672 1612
537 1545 672 1680
537 1612 672 1747
537 1680 672 1814
537 1747 672 1881
604 0 739 134
604 67 739 201
604 134 739 268
604 201 739 336
604 268 739 403
604 336 739 470
604 403 739 537
604 470 739 604
604 537 739 672
604 604 739 739
604 672 739 806
604 739 739 873
604 806 739 940
604 873 739 1008
604 940 739 1075
604 1008 739 1142
604 1075 739 1209
604 1142 739 1276
604 1209 739 1344
604 1276 739 1411
604 1344 739 1478
604 1411 739 1545
604 1478 739 1612
604 1545 739 1680
604 1612 739 1747
604 1680 739 1814
604 1747 739 1881
672 0 806 134
672 67 806 201
672 134 806 268
672 201 806 336
672 268 806 403
672 336 806 470
672 403 806 537
672 470 806 604
672 537 806 672
672 604 806 739
672 672 806 806
672 739 806 873
672 806 806 940
672 873 806 1008
672 940 806 1075
672 1008 806 1142
672 1075 806 1209
672 1142 806 1276
672 1209 806 1344
672 1276 806 1411
672 1344 806 1478
672 1411 806 1545
672 1478 806 1612
672 1545 806 1680
672 1612 806 1747
672 1680 806 1814
672 1747 806 1881
739 0 873 134
739 67 873 201
739 134 873 268
739 201 873 336
739 268 873 403
739 336 873 470
739 403 873 537
739 470 873 604
739 537 873 672
739 604 873 739
739 672 873 806
739 739 873 873
739 806 873 940
739 873 873 1008
739 940 873 1075
739 1008 873 1142
739 1075 873 1209
739 1142 873 1276
739 1209 873 1344
739 1276 873 1411
739 1344 873 1478
739 1411 873 1545
739 1478 873 1612
739 1545 873 1680
739 1612 873 1747
739 1680 873 1814
739 1747 873 1881
806 0 940 134
806 67 940 201
806 134 940 268
806 201 940 336
806 268 940 403
806 336 940 470
806 403 940 537
806 470 940 604
806 537 940 672
806 604 940 739
806 672 940 806
806 739 940 873
806 806 940 940
806 873 940 1008
806 940 940 1075
806 1008 940 1142
806 1075 940 1209
806 1142 940 1276
806 1209 940 1344
806 1276 940 1411
806 1344 940 1478
806 1411 940 1545
806 1478 940 1612
806 1545 940 1680
806 1612 940 1747
806 1680 940 1814
806 1747 940 1881
873 0 1008 134
873 67 1008 201
873 134 1008 268
873 201 1008 336
873 268 1008 403
873 336 1008 470
873 403 1008 537
873 470 1008 604
873 537 1008 672
873 604 1008 739
873 672 1008 806
873 739 1008 873
873 806 1008 940
873 873 1008 1008
873 940 1008 1075
873 1008 1008 1142
873 1075 1008 1209
873 1142 1008 1276
873 1209 1008 1344
873 1276 1008 1411
873 1344 1008 1478
873 1411 1008 1545
873 1478 1008 1612
873 1545 1008 1680
873 1612 1008 1747
873 1680 1008 1814
873 1747 1008 1881
0 0 268 134
0 67 268 201
0 134 268 268
0 201 268 336
0 268 268 403
0 336 268 470
0 403 268 537
0 470 268 604
0 537 268 672
0 604 268 739
0 672 268 806
0 739 268 873
0 806 268 940
0 873 268 1008
0 940 268 1075
0 1008 268 1142
0 1075 268 1209
0 1142 268 1276
0 1209 268 1344
0 1276 268 1411
0 1344 268 1478
0 1411 268 1545
0 1478 268 1612
0 1545 268 1680
0 1612 268 1747
0 1680 268 1814
0 1747 268 1881
67 0 336 134
67 67 336 201
67 134 336 268
67 201 336 336
67 268 336 403
67 336 336 470
67 403 336 537
67 470 336 604
67 537 336 672
67 604 336 739
67 672 336 806
67 739 336 873
67 806 336 940
67 873 336 1008
67 940 336 1075
67 1008 336 1142
67 1075 336 1209
67 1142 336 1276
67 1209 336 1344
67 1276 336 1411
67 1344 336 1478
67 1411 336 1545
67 1478 336 1612
67 1545 336 1680
67 1612 336 1747
67 1680 336 1814
67 1747 336 1881
134 0 403 134
134 67 403 201
134 134 403 268
134 201 403 336
134 268 403 403
134 336 403 470
134 403 403 537
134 470 403 604
134 537 403 672
134 604 403 739
134 672 403 806
134 739 403 873
134 806 403 940
134 873 403 1008
134 940 403 1075
134 1008 403 1142
134 1075 403 1209
134 1142 403 1276
134 1209 403 1344
134 1276 403 1411
134 1344 403 1478
134 1411 403 1545
134 1478 403 1612
134 1545 403 1680
134 1612 403 1747
134 1680 403 1814
134 1747 403 1881
201 0 470 134
201 67 470 201
201 134 470 268
201 201 470 336
201 268 470 403
201 336 470 470
201 403 470 537
201 470 470 604
201 537 470 672
201 604 470 739
201 672 470 806
201 739 470 873
201 806 470 940
201 873 470 1008
201 940 470 1075
201 1008 470 1142
201 1075 470 1209
201 1142 470 1276
201 1209 470 1344
201 1276 470 1411
201 1344 470 1478
201 1411 470 1545
201 1478 470 1612
201 1545 470 1680
201 1612 470 1747
201 1680 470 1814
201 1747 470 1881
268 0 537 134
268 67 537 201
268 134 537 268
268 201 537 336
268 268 537 403
268 336 537 470
268 403 537 537
268 470 537 604
268 537 537 672
268 604 537 739
268 672 537 806
268 739 537 873
268 806 537 940
268 873 537 1008
268 940 537 1075
268 1008 537 1142
268 1075 537 1209
268 1142 537 1276
268 1209 537 1344
268 1276 537 1411
268 1344 537 1478
268 1411 537 1545
268 1478 537 1612
268 1545 537 1680
268 1612 537 1747
268 1680 537 1814
268 1747 537 1881
336 0 604 134
336 67 604 201
336 134 604 268
336 201 604 336
336 268 604 403
336 336 604 470
336 403 604 537
336 470 604 604
336 537 604 672
336 604 604 739
336 672 604 806
336 739 604 873
336 806 604 940
336 873 604 1008
336 940 604 1075
336 1008 604 1142
336 1075 604 1209
336 1142 604 1276
336 1209 604 1344
336 1276 604 1411
336 1344 604 1478
336 1411 604 1545
336 1478 604 1612
336 1545 604 1680
336 1612 604 1747
336 1680 604 1814
336 1747 604 1881
403 0 672 134
403 67 672 201
403 134 672 268
403 201 672 336
403 268 672 403
403 336 672 470
403 403 672 537
403 470 672 604
403 537 672 672
403 604 672 739
403 672 672 806
403 739 672 873
403 806 672 940
403 873 672 1008
403 940 672 1075
403 1008 672 1142
403 1075 672 1209
403 1142 672 1276
403 1209 672 1344
403 1276 672 1411
403 1344 672 1478
403 1411 672 1545
403 1478 672 1612
403 1545 672 1680
403 1612 672 1747
403 1680 672 1814
403 1747 672 1881
470 0 739 134
470 67 739 201
470 134 739 268
470 201 739 336
470 268 739 403
470 336 739 470
470 403 739 537
470 470 739 604
470 537 739 672
470 604 739 739
470 672 739 806
470 739 739 873
470 806 739 940
470 873 739 1008
470 940 739 1075
470 1008 739 1142
470 1075 739 1209
470 1142 739 1276
470 1209 739 1344
470 1276 739 1411
470 1344 739 1478
470 1411 739 1545
470 1478 739 1612
470 1545 739 1680
470 1612 739 1747
470 1680 739 1814
470 1747 739 1881
537 0 806 134
537 67 806 201
537 134 806 268
537 201 806 336
537 268 806 403
537 336 806 470
537 403 806 537
537 470 806 604
537 537 806 672
537 604 806 739
537 672 806 806
537 739 806 873
537 806 806 940
537 873 806 1008
537 940 806 1075
537 1008 806 1142
537 1075 806 1209
537 1142 806 1276
537 1209 806 1344
537 1276 806 1411
537 1344 806 1478
537 1411 806 1545
537 1478 806 1612
537 1545 806 1680
537 1612 806 1747
537 1680 806 1814
537 1747 806 1881
604 0 873 134
604 67 873 201
604 134 873 268
604 201 873 336
604 268 873 403
604 336 873 470
604 403 873 537
604 470 873 604
604 537 873 672
604 604 873 739
604 672 873 806
604 739 873 873
604 806 873 940
604 873 873 1008
604 940 873 1075
604 1008 873 1142
604 1075 873 1209
604 1142 873 1276
604 1209 873 1344
604 1276 873 1411
604 1344 873 1478
604 1411 873 1545
604 1478 873 1612
604 1545 873 1680
604 1612 873 1747
604 1680 873 1814
604 1747 873 1881
672 0 940 134
672 67 940 201
672 134 940 268
672 201 940 336
672 268 940 403
672 336 940 470
672 403 940 537
672 470 940 604
672 537 940 672
672 604 940 739
672 672 940 806
672 739 940 873
672 806 940 940
672 873 940 1008
672 940 940 1075
672 1008 940 1142
672 1075 940 1209
672 1142 940 1276
672 1209 940 1344
672 1276 940 1411
672 1344 940 1478
672 1411 940 1545
672 1478 940 1612
672 1545 940 1680
672 1612 940 1747
672 1680 940 1814
672 1747 940 1881
739 0 1008 134
739 67 1008 201
739 134 1008 268
739 201 1008 336
739 268 1008 403
739 336 1008 470
739 403 1008 537
739 470 1008 604
739 537 1008 672
739 604 1008 739
739 672 1008 806
739 739 1008 873
739 806 1008 940
739 873 1008 1008
739 940 1008 1075
739 1008 1008 1142
739 1075 1008 1209
739 1142 1008 1276
739 1209 1008 1344
739 1276 1008 1411
739 1344 1008 1478
739 1411 1008 1545
739 1478 1008 1612
739 1545 1008 1680
739 1612 1008 1747
739 1680 1008 1814
739 1747 1008 1881
0 0 134 268
0 67 134 336
0 134 134 403
0 201 134 470
0 268 134 537
0 336 134 604
0 403 134 672
0 470 134 739
0 537 134 806
0 604 134 873
0 672 134 940
0 739 134 1008
0 806 134 1075
0 873 134 1142
0 940 134 1209
0 1008 134 1276
0 1075 134 1344
0 1142 134 1411
0 1209 134 1478
0 1276 134 1545
0 1344 134 1612
0 1411 134 1680
0 1478 134 1747
0 1545 134 1814
0 1612 134 1881
67 0 201 268
67 67 201 336
67 134 201 403
67 201 201 470
67 268 201 537
67 336 201 604
67 403 201 672
67 470 201 739
67 537 201 806
67 604 201 873
67 672 201 940
67 739 201 1008
67 806 201 1075
67 873 201 1142
67 940 201 1209
67 1008 201 1276
67 1075 201 1344
67 1142 201 1411
67 1209 201 1478
67 1276 201 1545
67 1344 201 1612
67 1411 201 1680
67 1478 201 1747
67 1545 201 1814
67 1612 201 1881
134 0 268 268
134 67 268 336
134 134 268 403
134 201 268 470
134 268 268 537
134 336 268 604
134 403 268 672
134 470 268 739
134 537 268 806
134 604 268 873
134 672 268 940
134 739 268 1008
134 806 268 1075
134 873 268 1142
134 940 268 1209
134 1008 268 1276
134 1075 268 1344
134 1142 268 1411
134 1209 268 1478
134 1276 268 1545
134 1344 268 1612
134 1411 268 1680
134 1478 268 1747
134 1545 268 1814
134 1612 268 1881
201 0 336 268
201 67 336 336
201 134 336 403
201 201 336 470
201 268 336 537
201 336 336 604
201 403 336 672
201 470 336 739
201 537 336 806
201 604 336 873
201 672 336 940
201 739 336 1008
201 806 336 1075
201 873 336 1142
201 940 336 1209
201 1008 336 1276
201 1075 336 1344
201 1142 336 1411
201 1209 336 1478
201 1276 336 1545
201 1344 336 1612
201 1411 336 1680
201 1478 336 1747
201 1545 336 1814
201 1612 336 1881
268 0 403 268
268 67 403 336
268 134 403 403
268 201 403 470
268 268 403 537
268 336 403 604
268 403 403 672
268 470 403 739
268 537 403 806
268 604 403 873
268 672 403 940
268 739 403 1008
268 806 403 1075
268 873 403 1142
268 940 403 1209
268 1008 403 1276
268 1075 403 1344
268 1142 403 1411
268 1209 403 1478
268 1276 403 1545
268 1344 403 1612
268 1411 403 1680
268 1478 403 1747
268 1545 403 1814
268 1612 403 1881
336 0 470 268
336 67 470 336
336 134 470 403
336 201 470 470
336 268 470 537
336 336 470 604
336 403 470 672
336 470 470 739
336 537 470 806
336 604 470 873
336 672 470 940
336 739 470 1008
336 806 470 1075
336 873 470 1142
336 940 470 1209
336 1008 470 1276
336 1075 470 1344
336 1142 470 1411
336 1209 470 1478
336 1276 470 1545
336 1344 470 1612
336 1411 470 1680
336 1478 470 1747
336 1545 470 1814
336 1612 470 1881
403 0 537 268
403 67 537 336
403 134 537 403
403 201 537 470
403 268 537 537
403 336 537 604
403 403 537 672
403 470 537 739
403 537 537 806
403 604 537 873
403 672 537 940
403 739 537 1008
403 806 537 1075
403 873 537 1142
403 940 537 1209
403 1008 537 1276
403 1075 537 1344
403 1142 537 1411
403 1209 537 1478
403 1276 537 1545
403 1344 537 1612
403 1411 537 1680
403 1478 537 1747
403 1545 537 1814
403 1612 537 1881
470 0 604 268
470 67 604 336
470 134 604 403
470 201 604 470
470 268 604 537
470 336 604 604
470 403 604 672
470 470 604 739
470 537 604 806
470 604 604 873
470 672 604 940
470 739 604 1008
470 806 604 1075
470 873 604 1142
470 940 604 1209
470 1008 604 1276
470 1075 604 1344
470 1142 604 1411
470 1209 604 1478
470 1276 604 1545
470 1344 604 1612
470 1411 604 1680
470 1478 604 1747
470 1545 604 1814
470 1612 604 1881
537 0 672 268
537 67 672 336
537 134 672 403
537 201 672 470
537 268 672 537
537 336 672 604
537 403 672 672
537 470 672 739
537 537 672 806
537 604 672 873
537 672 672 940
537 739 672 1008
537 806 672 1075
537 873 672 1142
537 940 672 1209
537 1008 672 1276
537 1075 672 1344
537 1142 672 1411
537 1209 672 1478
537 1276 672 1545
537 1344 672 1612
537 1411 672 1680
537 1478 672 1747
537 1545 672 1814
537 1612 672 1881
604 0 739 268
604 67 739 336
604 134 739 403
604 201 739 470
604 268 739 537
604 336 739 604
604 403 739 672
604 470 739 739
604 537 739 806
604 604 739 873
604 672 739 940
604 739 739 1008
604 806 739 1075
604 873 739 1142
604 940 739 1209
604 1008 739 1276
604 1075 739 1344
604 1142 739 1411
604 1209 739 1478
604 1276 739 1545
604 1344 739 1612
604 1411 739 1680
604 1478 739 1747
604 1545 739 1814
604 1612 739 1881
672 0 806 268
672 67 806 336
672 134 806 403
672 201 806 470
672 268 806 537
672 336 806 604
672 403 806 672
672 470 806 739
672 537 806 806
672 604 806 873
672 672 806 940
672 739 806 1008
672 806 806 1075
672 873 806 1142
672 940 806 1209
672 1008 806 1276
672 1075 806 1344
672 1142 806 1411
672 1209 806 1478
672 1276 806 1545
672 1344 806 1612
672 1411 806 1680
672 1478 806 1747
672 1545 806 1814
672 1612 806 1881
739 0 873 268
739 67 873 336
739 134 873 403
739 201 873 470
739 268 873 537
739 336 873 604
739 403 873 672
739 470 873 739
739 537 873 806
739 604 873 873
739 672 873 940
739 739 873 1008
739 806 873 1075
739 873 873 1142
739 940 873 1209
739 1008 873 1276
739 1075 873 1344
739 1142 873 1411
739 1209 873 1478
739 1276 873 1545
739 1344 873 1612
739 1411 873 1680
739 1478 873 1747
739 1545 873 1814
739 1612 873 1881
806 0 940 268
806 67 940 336
806 134 940 403
806 201 940 470
806 268 940 537
806 336 940 604
806 403 940 672
806 470 940 739
806 537 940 806
806 604 940 873
806 672 940 940
806 739 940 1008
806 806 940 1075
806 873 940 1142
806 940 940 1209
806 1008 940 1276
806 1075 940 1344
806 1142 940 1411
806 1209 940 1478
806 1276 940 1545
806 1344 940 1612
806 1411 940 1680
806 1478 940 1747
806 1545 940 1814
806 1612 940 1881
873 0 1008 268
873 67 1008 336
873 134 1008 403
873 201 1008 470
873 268 1008 537
873 336 1008 604
873 403 1008 672
873 470 1008 739
873 537 1008 806
873 604 1008 873
873 672 1008 940
873 739 1008 1008
873 806 1008 1075
873 873 1008 1142
873 940 1008 1209
873 1008 1008 1276
873 1075 1008 1344
873 1142 1008 1411
873 1209 1008 1478
873 1276 1008 1545
873 1344 1008 1612
873 1411 1008 1680
873 1478 1008 1747
873 1545 1008 1814
873 1612 1008 1881
