769 0 956 520
208 769 728 1393
894 0 1518 936
1268 561 1726 1456
1206 124 1435 520
520 416 769 748
1497 665 1726 1289
2267 436 3057 1227
1539 457 2267 1040
1996 561 2537 936
1476 561 2017 1518
1435 624 1934 1580
208 540 894 1414
187 603 1040 1539
166 811 936 1497
2558 499 2912 1164
2537 520 2932 1331
2433 520 2932 1580
3140 499 3452 894
3161 540 3494 894
3140 582 3536 998
3224 686 3536 956
3411 624 3577 1268
3598 540 3889 769
3452 540 3868 728
3744 540 4139 811
2433 936 2620 1289
1643 1601 2184 1892
1497 1601 2163 1892
1664 790 2204 1643
2412 790 2912 1622
2620 1289 2912 1622
2392 977 2620 1601
3473 582 3889 1601
3473 894 3972 1705
3452 811 3972 1705
3411 582 3931 1705
104 1081 1019 1601
790 728 1102 1393
790 1060 1081 1414
208 1060 1060 1809
208 1393 769 1809
1164 956 1393 1580
748 1560 1414 1892
769 1019 1102 1435
416 1684 1102 1892
2600 1227 2891 1580
1393 1601 1684 1934
1497 1289 1976 1643
2288 1622 2641 1955
2308 1622 2600 1913
1539 457 2537 1040
2891 561 3099 1248
208 1393 1414 1892
499 0 956 540
2433 499 2932 1580
1268 520 1726 1456
166 811 1060 1809
1497 520 1768 1144
0 0 582 582
0 291 582 873
0 582 582 1164
0 873 582 1456
0 1164 582 1747
0 1456 582 2038
291 0 873 582
291 291 873 873
291 582 873 1164
291 873 873 1456
291 1164 873 1747
291 1456 873 2038
582 0 1164 582
582 291 1164 873
582 582 1164 1164
582 873 1164 1456
582 1164 1164 1747
582 1456 1164 2038
873 0 1456 582
873 291 1456 873
873 582 1456 1164
873 873 1456 1456
873 1164 1456 1747
873 1456 1456 2038
1164 0 1747 582
1164 291 1747 873
1164 582 1747 1164
1164 873 1747 1456
1164 1164 1747 1747
1164 1456 1747 2038
1456 0 2038 582
1456 291 2038 873
1456 582 2038 1164
1456 873 2038 1456
1456 1164 2038 1747
1456 1456 2038 2038
1747 0 2329 582
1747 291 2329 873
1747 582 2329 1164
1747 873 2329 1456
1747 1164 2329 1747
1747 1456 2329 2038
2038 0 2620 582
2038 291 2620 873
2038 582 2620 1164
2038 873 2620 1456
2038 1164 2620 1747
2038 1456 2620 2038
2329 0 2912 582
2329 291 2912 873
2329 582 2912 1164
2329 873 2912 1456
2329 1164 2912 1747
2329 1456 2912 2038
2620 0 3203 582
2620 291 3203 873
2620 582 3203 1164
2620 873 3203 1456
2620 1164 3203 1747
2620 1456 3203 2038
2912 0 3494 582
2912 291 3494 873
2912 582 3494 1164
2912 873 3494 1456
2912 1164 3494 1747
2912 1456 3494 2038
3203 0 3785 582
3203 291 3785 873
3203 582 3785 1164
3203 873 3785 1456
3203 1164 3785 1747
3203 1456 3785 2038
3494 0 4076 582
3494 291 4076 873
3494 582 4076 1164
3494 873 4076 1456
3494 1164 4076 1747
3494 1456 4076 2038
0 0 1164 582
0 291 1164 873
0 582 1164 1164
0 873 1164 1456
0 1164 1164 1747
0 1456 1164 2038
291 0 1456 582
291 291 1456 873
291 582 1456 1164
291 873 1456 1456
291 1164 1456 1747
291 1456 1456 2038
582 0 1747 582
582 291 1747 873
582 582 1747 1164
582 873 1747 1456
582 1164 1747 1747
582 1456 1747 2038
873 0 2038 582
873 291 2038 873
873 582 2038 1164
873 873 2038 1456
873 1164 2038 1747
873 1456 2038 2038
1164 0 2329 582
1164 291 2329 873
1164 582 2329 1164
1164 873 2329 1456
1164 1164 2329 1747
1164 1456 2329 2038
1456 0 2620 582
1456 291 2620 873
1456 582 2620 1164
1456 873 2620 1456
1456 1164 2620 1747
1456 1456 2620 2038
1747 0 2912 582
1747 291 2912 873
1747 582 2912 1164
1747 873 2912 1456
1747 1164 2912 1747
1747 1456 2912 2038
2038 0 3203 582
2038 291 3203 873
2038 582 3203 1164
2038 873 3203 1456
2038 1164 3203 1747
2038 1456 3203 2038
2329 0 3494 582
2329 291 3494 873
2329 582 3494 1164
2329 873 3494 1456
2329 1164 3494 1747
2329 1456 3494 2038
2620 0 3785 582
2620 291 3785 873
2620 582 3785 1164
2620 873 3785 1456
2620 1164 3785 1747
2620 1456 3785 2038
2912 0 4076 582
2912 291 4076 873
2912 582 4076 1164
2912 873 4076 1456
2912 1164 4076 1747
2912 1456 4076 2038
0 0 582 1164
0 291 582 1456
0 582 582 1747
0 873 582 2038
291 0 873 1164
291 291 873 1456
291 582 873 1747
291 873 873 2038
582 0 1164 1164
582 291 1164 1456
582 582 1164 1747
582 873 1164 2038
873 0 1456 1164
873 291 1456 1456
873 582 1456 1747
873 873 1456 2038
1164 0 1747 1164
1164 291 1747 1456
1164 582 1747 1747
1164 873 1747 2038
1456 0 2038 1164
1456 291 2038 1456
1456 582 2038 1747
1456 873 2038 2038
1747 0 2329 1164
1747 291 2329 1456
1747 582 2329 1747
1747 873 2329 2038
2038 0 2620 1164
2038 291 2620 1456
2038 582 2620 1747
2038 873 2620 2038
2329 0 2912 1164
2329 291 2912 1456
2329 582 2912 1747
2329 873 2912 2038
2620 0 3203 1164
2620 291 3203 1456
2620 582 3203 1747
2620 873 3203 2038
2912 0 3494 1164
2912 291 3494 1456
2912 582 3494 1747
2912 873 3494 2038
3203 0 3785 1164
3203 291 3785 1456
3203 582 3785 1747
3203 873 3785 2038
3494 0 4076 1164
3494 291 4076 1456
3494 582 4076 1747
3494 873 4076 2038
0 0 291 291
0 145 291 436
0 291 291 582
0 436 291 728
0 582 291 873
0 728 291 1019
0 873 291 1164
0 1019 291 1310
0 1164 291 1456
0 1310 291 1601
0 1456 291 1747
0 1601 291 1892
0 1747 291 2038
0 1892 291 2184
145 0 436 291
145 145 436 436
145 291 436 582
145 436 436 728
145 582 436 873
145 728 436 1019
145 873 436 1164
145 1019 436 1310
145 1164 436 1456
145 1310 436 1601
145 1456 436 1747
145 1601 436 1892
145 1747 436 2038
145 1892 436 2184
291 0 582 291
291 145 582 436
291 291 582 582
291 436 582 728
291 582 582 873
291 728 582 1019
291 873 582 1164
291 1019 582 1310
291 1164 582 1456
291 1310 582 1601
291 1456 582 1747
291 1601 582 1892
291 1747 582 2038
291 1892 582 2184
436 0 728 291
436 145 728 436
436 291 728 582
436 436 728 728
436 582 728 873
436 728 728 1019
436 873 728 1164
436 1019 728 1310
436 1164 728 1456
436 1310 728 1601
436 1456 728 1747
436 1601 728 1892
436 1747 728 2038
436 1892 728 2184
582 0 873 291
582 145 873 436
582 291 873 582
582 436 873 728
582 582 873 873
582 728 873 1019
582 873 873 1164
582 1019 873 1310
582 1164 873 1456
582 1310 873 1601
582 1456 873 1747
582 1601 873 1892
582 1747 873 2038
582 1892 873 2184
728 0 1019 291
728 145 1019 436
728 291 1019 582
728 436 1019 728
728 582 1019 873
728 728 1019 1019
728 873 1019 1164
728 1019 1019 1310
728 1164 1019 1456
728 1310 1019 1601
728 1456 1019 1747
728 1601 1019 1892
728 1747 1019 2038
728 1892 1019 2184
873 0 1164 291
873 145 1164 436
873 291 1164 582
873 436 1164 728
873 582 1164 873
873 728 1164 1019
873 873 1164 1164
873 1019 1164 1310
873 1164 1164 1456
873 1310 1164 1601
873 1456 1164 1747
873 1601 1164 1892
873 1747 1164 2038
873 1892 1164 2184
1019 0 1310 291
1019 145 1310 436
1019 291 1310 582
1019 436 1310 728
1019 582 1310 873
1019 728 1310 1019
1019 873 1310 1164
1019 1019 1310 1310
1019 1164 1310 1456
1019 1310 1310 1601
1019 1456 1310 1747
1019 1601 1310 1892
1019 1747 1310 2038
1019 1892 1310 2184
1164 0 1456 291
1164 145 1456 436
1164 291 1456 582
1164 436 1456 728
1164 582 1456 873
1164 728 1456 1019
1164 873 1456 1164
1164 1019 1456 1310
1164 1164 1456 1456
1164 1310 1456 1601
1164 1456 1456 1747
1164 1601 1456 1892
1164 1747 1456 2038
1164 1892 1456 2184
1310 0 1601 291
1310 145 1601 436
1310 291 1601 582
1310 436 1601 728
1310 582 1601 873
1310 728 1601 1019
1310 873 1601 1164
1310 1019 1601 1310
1310 1164 1601 1456
1310 1310 1601 1601
1310 1456 1601 1747
1310 1601 1601 1892
1310 1747 1601 2038
1310 1892 1601 2184
1456 0 1747 291
1456 145 1747 436
1456 291 1747 582
1456 436 1747 728
1456 582 1747 873
1456 728 1747 1019
1456 873 1747 1164
1456 1019 1747 1310
1456 1164 1747 1456
1456 1310 1747 1601
1456 1456 1747 1747
1456 1601 1747 1892
1456 1747 1747 2038
1456 1892 1747 2184
1601 0 1892 291
1601 145 1892 436
1601 291 1892 582
1601 436 1892 728
1601 582 1892 873
1601 728 1892 1019
1601 873 1892 1164
1601 1019 1892 1310
1601 1164 1892 1456
1601 1310 1892 1601
1601 1456 1892 1747
1601 1601 1892 1892
1601 1747 1892 2038
1601 1892 1892 2184
1747 0 2038 291
1747 145 2038 436
1747 291 2038 582
1747 436 2038 728
1747 582 2038 873
1747 728 2038 1019
1747 873 2038 1164
1747 1019 2038 1310
1747 1164 2038 1456
1747 1310 2038 1601
1747 1456 2038 1747
1747 1601 2038 1892
1747 1747 2038 2038
1747 1892 2038 2184
1892 0 2184 291
1892 145 2184 436
1892 291 2184 582
1892 436 2184 728
1892 582 2184 873
1892 728 2184 1019
1892 873 2184 1164
1892 1019 2184 1310
1892 1164 2184 1456
1892 1310 2184 1601
1892 1456 2184 1747
1892 1601 2184 1892
1892 1747 2184 2038
1892 1892 2184 2184
2038 0 2329 291
2038 145 2329 436
2038 291 2329 582
2038 436 2329 728
2038 582 2329 873
2038 728 2329 1019
2038 873 2329 1164
2038 1019 2329 1310
2038 1164 2329 1456
2038 1310 2329 1601
2038 1456 2329 1747
2038 1601 2329 1892
2038 1747 2329 2038
2038 1892 2329 2184
2184 0 2475 291
2184 145 2475 436
2184 291 2475 582
2184 436 2475 728
2184 582 2475 873
2184 728 2475 1019
2184 873 2475 1164
2184 1019 2475 1310
2184 1164 2475 1456
2184 1310 2475 1601
2184 1456 2475 1747
2184 1601 2475 1892
2184 1747 2475 2038
2184 1892 2475 2184
2329 0 2620 291
2329 145 2620 436
2329 291 2620 582
2329 436 2620 728
2329 582 2620 873
2329 728 2620 1019
2329 873 2620 1164
2329 1019 2620 1310
2329 1164 2620 1456
2329 1310 2620 1601
2329 1456 2620 1747
2329 1601 2620 1892
2329 1747 2620 2038
2329 1892 2620 2184
2475 0 2766 291
2475 145 2766 436
2475 291 2766 582
2475 436 2766 728
2475 582 2766 873
2475 728 2766 1019
2475 873 2766 1164
2475 1019 2766 1310
2475 1164 2766 1456
2475 1310 2766 1601
2475 1456 2766 1747
2475 1601 2766 1892
2475 1747 2766 2038
2475 1892 2766 2184
2620 0 2912 291
2620 145 2912 436
2620 291 2912 582
2620 436 2912 728
2620 582 2912 873
2620 728 2912 1019
2620 873 2912 1164
2620 1019 2912 1310
2620 1164 2912 1456
2620 1310 2912 1601
2620 1456 2912 1747
2620 1601 2912 1892
2620 1747 2912 2038
2620 1892 2912 2184
2766 0 3057 291
2766 145 3057 436
2766 291 3057 582
2766 436 3057 728
2766 582 3057 873
2766 728 3057 1019
2766 873 3057 1164
2766 1019 3057 1310
2766 1164 3057 1456
2766 1310 3057 1601
2766 1456 3057 1747
2766 1601 3057 1892
2766 1747 3057 2038
2766 1892 3057 2184
2912 0 3203 291
2912 145 3203 436
2912 291 3203 582
2912 436 3203 728
2912 582 3203 873
2912 728 3203 1019
2912 873 3203 1164
2912 1019 3203 1310
2912 1164 3203 1456
2912 1310 3203 1601
2912 1456 3203 1747
2912 1601 3203 1892
2912 1747 3203 2038
2912 1892 3203 2184
3057 0 3348 291
3057 145 3348 436
3057 291 3348 582
3057 436 3348 728
3057 582 3348 873
3057 728 3348 1019
3057 873 3348 1164
3057 1019 3348 1310
3057 1164 3348 1456
3057 1310 3348 1601
3057 1456 3348 1747
3057 1601 3348 1892
3057 1747 3348 2038
3057 1892 3348 2184
3203 0 3494 291
3203 145 3494 436
3203 291 3494 582
3203 436 3494 728
3203 582 3494 873
3203 728 3494 1019
3203 873 3494 1164
3203 1019 3494 1310
3203 1164 3494 1456
3203 1310 3494 1601
3203 1456 3494 1747
3203 1601 3494 1892
3203 1747 3494 2038
3203 1892 3494 2184
3348 0 3640 291
3348 145 3640 436
3348 291 3640 582
3348 436 3640 728
3348 582 3640 873
3348 728 3640 1019
3348 873 3640 1164
3348 1019 3640 1310
3348 1164 3640 1456
3348 1310 3640 1601
3348 1456 3640 1747
3348 1601 3640 1892
3348 1747 3640 2038
3348 1892 3640 2184
3494 0 3785 291
3494 145 3785 436
3494 291 3785 582
3494 436 3785 728
3494 582 3785 873
3494 728 3785 1019
3494 873 3785 1164
3494 1019 3785 1310
3494 1164 3785 1456
3494 1310 3785 1601
3494 1456 3785 1747
3494 1601 3785 1892
3494 1747 3785 2038
3494 1892 3785 2184
3640 0 3931 291
3640 145 3931 436
3640 291 3931 582
3640 436 3931 728
3640 582 3931 873
3640 728 3931 1019
3640 873 3931 1164
3640 1019 3931 1310
3640 1164 3931 1456
3640 1310 3931 1601
3640 1456 3931 1747
3640 1601 3931 1892
3640 1747 3931 2038
3640 1892 3931 2184
3785 0 4076 291
3785 145 4076 436
3785 291 4076 582
3785 436 4076 728
3785 582 4076 873
3785 728 4076 1019
3785 873 4076 1164
3785 1019 4076 1310
3785 1164 4076 1456
3785 1310 4076 1601
3785 1456 4076 1747
3785 1601 4076 1892
3785 1747 4076 2038
3785 1892 4076 2184
0 0 582 291
0 145 582 436
0 291 582 582
0 436 582 728
0 582 582 873
0 728 582 1019
0 873 582 1164
0 1019 582 1310
0 1164 582 1456
0 1310 582 1601
0 1456 582 1747
0 1601 582 1892
0 1747 582 2038
0 1892 582 2184
145 0 728 291
145 145 728 436
145 291 728 582
145 436 728 728
145 582 728 873
145 728 728 1019
145 873 728 1164
145 1019 728 1310
145 1164 728 1456
145 1310 728 1601
145 1456 728 1747
145 1601 728 1892
145 1747 728 2038
145 1892 728 2184
291 0 873 291
291 145 873 436
291 291 873 582
291 436 873 728
291 582 873 873
291 728 873 1019
291 873 873 1164
291 1019 873 1310
291 1164 873 1456
291 1310 873 1601
291 1456 873 1747
291 1601 873 1892
291 1747 873 2038
291 1892 873 2184
436 0 1019 291
436 145 1019 436
436 291 1019 582
436 436 1019 728
436 582 1019 873
436 728 1019 1019
436 873 1019 1164
436 1019 1019 1310
436 1164 1019 1456
436 1310 1019 1601
436 1456 1019 1747
436 1601 1019 1892
436 1747 1019 2038
436 1892 1019 2184
582 0 1164 291
582 145 1164 436
582 291 1164 582
582 436 1164 728
582 582 1164 873
582 728 1164 1019
582 873 1164 1164
582 1019 1164 1310
582 1164 1164 1456
582 1310 1164 1601
582 1456 1164 1747
582 1601 1164 1892
582 1747 1164 2038
582 1892 1164 2184
728 0 1310 291
728 145 1310 436
728 291 1310 582
728 436 1310 728
728 582 1310 873
728 728 1310 1019
728 873 1310 1164
728 1019 1310 1310
728 1164 1310 1456
728 1310 1310 1601
728 1456 1310 1747
728 1601 1310 1892
728 1747 1310 2038
728 1892 1310 2184
873 0 1456 291
873 145 1456 436
873 291 1456 582
873 436 1456 728
873 582 1456 873
873 728 1456 1019
873 873 1456 1164
873 1019 1456 1310
873 1164 1456 1456
873 1310 1456 1601
873 1456 1456 1747
873 1601 1456 1892
873 1747 1456 2038
873 1892 1456 2184
1019 0 1601 291
1019 145 1601 436
1019 291 1601 582
1019 436 1601 728
1019 582 1601 873
1019 728 1601 1019
1019 873 1601 1164
1019 1019 1601 1310
1019 1164 1601 1456
1019 1310 1601 1601
1019 1456 1601 1747
1019 1601 1601 1892
1019 1747 1601 2038
1019 1892 1601 2184
1164 0 1747 291
1164 145 1747 436
1164 291 1747 582
1164 436 1747 728
1164 582 1747 873
1164 728 1747 1019
1164 873 1747 1164
1164 1019 1747 1310
1164 1164 1747 1456
1164 1310 1747 1601
1164 1456 1747 1747
1164 1601 1747 1892
1164 1747 1747 2038
1164 1892 1747 2184
1310 0 1892 291
1310 145 1892 436
1310 291 1892 582
1310 436 1892 728
1310 582 1892 873
1310 728 1892 1019
1310 873 1892 1164
1310 1019 1892 1310
1310 1164 1892 1456
1310 1310 1892 1601
1310 1456 1892 1747
1310 1601 1892 1892
1310 1747 1892 2038
1310 1892 1892 2184
1456 0 2038 291
1456 145 2038 436
1456 291 2038 582
1456 436 2038 728
1456 582 2038 873
1456 728 2038 1019
1456 873 2038 1164
1456 1019 2038 1310
1456 1164 2038 1456
1456 1310 2038 1601
1456 1456 2038 1747
1456 1601 2038 1892
1456 1747 2038 2038
1456 1892 2038 2184
1601 0 2184 291
1601 145 2184 436
1601 291 2184 582
1601 436 2184 728
1601 582 2184 873
1601 728 2184 1019
1601 873 2184 1164
1601 1019 2184 1310
1601 1164 2184 1456
1601 1310 2184 1601
1601 1456 2184 1747
1601 1601 2184 1892
1601 1747 2184 2038
1601 1892 2184 2184
1747 0 2329 291
1747 145 2329 436
1747 291 2329 582
1747 436 2329 728
1747 582 2329 873
1747 728 2329 1019
1747 873 2329 1164
1747 1019 2329 1310
1747 1164 2329 1456
1747 1310 2329 1601
1747 1456 2329 1747
1747 1601 2329 1892
1747 1747 2329 2038
1747 1892 2329 2184
1892 0 2475 291
1892 145 2475 436
1892 291 2475 582
1892 436 2475 728
1892 582 2475 873
1892 728 2475 1019
1892 873 2475 1164
1892 1019 2475 1310
1892 1164 2475 1456
1892 1310 2475 1601
1892 1456 2475 1747
1892 1601 2475 1892
1892 1747 2475 2038
1892 1892 2475 2184
2038 0 2620 291
2038 145 2620 436
2038 291 2620 582
2038 436 2620 728
2038 582 2620 873
2038 728 2620 1019
2038 873 2620 1164
2038 1019 2620 1310
2038 1164 2620 1456
2038 1310 2620 1601
2038 1456 2620 1747
2038 1601 2620 1892
2038 1747 2620 2038
2038 1892 2620 2184
2184 0 2766 291
2184 145 2766 436
2184 291 2766 582
2184 436 2766 728
2184 582 2766 873
2184 728 2766 1019
2184 873 2766 1164
2184 1019 2766 1310
2184 1164 2766 1456
2184 1310 2766 1601
2184 1456 2766 1747
2184 1601 2766 1892
2184 1747 2766 2038
2184 1892 2766 2184
2329 0 2912 291
2329 145 2912 436
2329 291 2912 582
2329 436 2912 728
2329 582 2912 873
2329 728 2912 1019
2329 873 2912 1164
2329 1019 2912 1310
2329 1164 2912 1456
2329 1310 2912 1601
2329 1456 2912 1747
2329 1601 2912 1892
2329 1747 2912 2038
2329 1892 2912 2184
2475 0 3057 291
2475 145 3057 436
2475 291 3057 582
2475 436 3057 728
2475 582 3057 873
2475 728 3057 1019
2475 873 3057 1164
2475 1019 3057 1310
2475 1164 3057 1456
2475 1310 3057 1601
2475 1456 3057 1747
2475 1601 3057 1892
2475 1747 3057 2038
2475 1892 3057 2184
2620 0 3203 291
2620 145 3203 436
2620 291 3203 582
2620 436 3203 728
2620 582 3203 873
2620 728 3203 1019
2620 873 3203 1164
2620 1019 3203 1310
2620 1164 3203 1456
2620 1310 3203 1601
2620 1456 3203 1747
2620 1601 3203 1892
2620 1747 3203 2038
2620 1892 3203 2184
2766 0 3348 291
2766 145 3348 436
2766 291 3348 582
2766 436 3348 728
2766 582 3348 873
2766 728 3348 1019
2766 873 3348 1164
2766 1019 3348 1310
2766 1164 3348 1456
2766 1310 3348 1601
2766 1456 3348 1747
2766 1601 3348 1892
2766 1747 3348 2038
2766 1892 3348 2184
2912 0 3494 291
2912 145 3494 436
2912 291 3494 582
2912 436 3494 728
2912 582 3494 873
2912 728 3494 1019
2912 873 3494 1164
2912 1019 3494 1310
2912 1164 3494 1456
2912 1310 3494 1601
2912 1456 3494 1747
2912 1601 3494 1892
2912 1747 3494 2038
2912 1892 3494 2184
3057 0 3640 291
3057 145 3640 436
3057 291 3640 582
3057 436 3640 728
3057 582 3640 873
3057 728 3640 1019
3057 873 3640 1164
3057 1019 3640 1310
3057 1164 3640 1456
3057 1310 3640 1601
3057 1456 3640 1747
3057 1601 3640 1892
3057 1747 3640 2038
3057 1892 3640 2184
3203 0 3785 291
3203 145 3785 436
3203 291 3785 582
3203 436 3785 728
3203 582 3785 873
3203 728 3785 1019
3203 873 3785 1164
3203 1019 3785 1310
3203 1164 3785 1456
3203 1310 3785 1601
3203 1456 3785 1747
3203 1601 3785 1892
3203 1747 3785 2038
3203 1892 3785 2184
3348 0 3931 291
3348 145 3931 436
3348 291 3931 582
3348 436 3931 728
3348 582 3931 873
3348 728 3931 1019
3348 873 3931 1164
3348 1019 3931 1310
3348 1164 3931 1456
3348 1310 3931 1601
3348 1456 3931 1747
3348 1601 3931 1892
3348 1747 3931 2038
3348 1892 3931 2184
3494 0 4076 291
3494 145 4076 436
3494 291 4076 582
3494 436 4076 728
3494 582 4076 873
3494 728 4076 1019
3494 873 4076 1164
3494 1019 4076 1310
3494 1164 4076 1456
3494 1310 4076 1601
3494 1456 4076 1747
3494 1601 4076 1892
3494 1747 4076 2038
3494 1892 4076 2184
0 0 291 582
0 145 291 728
0 291 291 873
0 436 291 1019
0 582 291 1164
0 728 291 1310
0 873 291 1456
0 1019 291 1601
0 1164 291 1747
0 1310 291 1892
0 1456 291 2038
0 1601 291 2184
145 0 436 582
145 145 436 728
145 291 436 873
145 436 436 1019
145 582 436 1164
145 728 436 1310
145 873 436 1456
145 1019 436 1601
145 1164 436 1747
145 1310 436 1892
145 1456 436 2038
145 1601 436 2184
291 0 582 582
291 145 582 728
291 291 582 873
291 436 582 1019
291 582 582 1164
291 728 582 1310
291 873 582 1456
291 1019 582 1601
291 1164 582 1747
291 1310 582 1892
291 1456 582 2038
291 1601 582 2184
436 0 728 582
436 145 728 728
436 291 728 873
436 436 728 1019
436 582 728 1164
436 728 728 1310
436 873 728 1456
436 1019 728 1601
436 1164 728 1747
436 1310 728 1892
436 1456 728 2038
436 1601 728 2184
582 0 873 582
582 145 873 728
582 291 873 873
582 436 873 1019
582 582 873 1164
582 728 873 1310
582 873 873 1456
582 1019 873 1601
582 1164 873 1747
582 1310 873 1892
582 1456 873 2038
582 1601 873 2184
728 0 1019 582
728 145 1019 728
728 291 1019 873
728 436 1019 1019
728 582 1019 1164
728 728 1019 1310
728 873 1019 1456
728 1019 1019 1601
728 1164 1019 1747
728 1310 1019 1892
728 1456 1019 2038
728 1601 1019 2184
873 0 1164 582
873 145 1164 728
873 291 1164 873
873 436 1164 1019
873 582 1164 1164
873 728 1164 1310
873 873 1164 1456
873 1019 1164 1601
873 1164 1164 1747
873 1310 1164 1892
873 1456 1164 2038
873 1601 1164 2184
1019 0 1310 582
1019 145 1310 728
1019 291 1310 873
1019 436 1310 1019
1019 582 1310 1164
1019 728 1310 1310
1019 873 1310 1456
1019 1019 1310 1601
1019 1164 1310 1747
1019 1310 1310 1892
1019 1456 1310 2038
1019 1601 1310 2184
1164 0 1456 582
1164 145 1456 728
1164 291 1456 873
1164 436 1456 1019
1164 582 1456 1164
1164 728 1456 1310
1164 873 1456 1456
1164 1019 1456 1601
1164 1164 1456 1747
1164 1310 1456 1892
1164 1456 1456 2038
1164 1601 1456 2184
1310 0 1601 582
1310 145 1601 728
1310 291 1601 873
1310 436 1601 1019
1310 582 1601 1164
1310 728 1601 1310
1310 873 1601 1456
1310 1019 1601 1601
1310 1164 1601 1747
1310 1310 1601 1892
1310 1456 1601 2038
1310 1601 1601 2184
1456 0 1747 582
1456 145 1747 728
1456 291 1747 873
1456 436 1747 1019
1456 582 1747 1164
1456 728 1747 1310
1456 873 1747 1456
1456 1019 1747 1601
1456 1164 1747 1747
1456 1310 1747 1892
1456 1456 1747 2038
1456 1601 1747 2184
1601 0 1892 582
1601 145 1892 728
1601 291 1892 873
1601 436 1892 1019
1601 582 1892 1164
1601 728 1892 1310
1601 873 1892 1456
1601 1019 1892 1601
1601 1164 1892 1747
1601 1310 1892 1892
1601 1456 1892 2038
1601 1601 1892 2184
1747 0 2038 582
1747 145 2038 728
1747 291 2038 873
1747 436 2038 1019
1747 582 2038 1164
1747 728 2038 1310
1747 873 2038 1456
1747 1019 2038 1601
1747 1164 2038 1747
1747 1310 2038 1892
1747 1456 2038 2038
1747 1601 2038 2184
1892 0 2184 582
1892 145 2184 728
1892 291 2184 873
1892 436 2184 1019
1892 582 2184 1164
1892 728 2184 1310
1892 873 2184 1456
1892 1019 2184 1601
1892 1164 2184 1747
1892 1310 2184 1892
1892 1456 2184 2038
1892 1601 2184 2184
2038 0 2329 582
2038 145 2329 728
2038 291 2329 873
2038 436 2329 1019
2038 582 2329 1164
2038 728 2329 1310
2038 873 2329 1456
2038 1019 2329 1601
2038 1164 2329 1747
2038 1310 2329 1892
2038 1456 2329 2038
2038 1601 2329 2184
2184 0 2475 582
2184 145 2475 728
2184 291 2475 873
2184 436 2475 1019
2184 582 2475 1164
2184 728 2475 1310
2184 873 2475 1456
2184 1019 2475 1601
2184 1164 2475 1747
2184 1310 2475 1892
2184 1456 2475 2038
2184 1601 2475 2184
2329 0 2620 582
2329 145 2620 728
2329 291 2620 873
2329 436 2620 1019
2329 582 2620 1164
2329 728 2620 1310
2329 873 2620 1456
2329 1019 2620 1601
2329 1164 2620 1747
2329 1310 2620 1892
2329 1456 2620 2038
2329 1601 2620 2184
2475 0 2766 582
2475 145 2766 728
2475 291 2766 873
2475 436 2766 1019
2475 582 2766 1164
2475 728 2766 1310
2475 873 2766 1456
2475 1019 2766 1601
2475 1164 2766 1747
2475 1310 2766 1892
2475 1456 2766 2038
2475 1601 2766 2184
2620 0 2912 582
2620 145 2912 728
2620 291 2912 873
2620 436 2912 1019
2620 582 2912 1164
2620 728 2912 1310
2620 873 2912 1456
2620 1019 2912 1601
2620 1164 2912 1747
2620 1310 2912 1892
2620 1456 2912 2038
2620 1601 2912 2184
2766 0 3057 582
2766 145 3057 728
2766 291 3057 873
2766 436 3057 1019
2766 582 3057 1164
2766 728 3057 1310
2766 873 3057 1456
2766 1019 3057 1601
2766 1164 3057 1747
2766 1310 3057 1892
2766 1456 3057 2038
2766 1601 3057 2184
2912 0 3203 582
2912 145 3203 728
2912 291 3203 873
2912 436 3203 1019
2912 582 3203 1164
2912 728 3203 1310
2912 873 3203 1456
2912 1019 3203 1601
2912 1164 3203 1747
2912 1310 3203 1892
2912 1456 3203 2038
2912 1601 3203 2184
3057 0 3348 582
3057 145 3348 728
3057 291 3348 873
3057 436 3348 1019
3057 582 3348 1164
3057 728 3348 1310
3057 873 3348 1456
3057 1019 3348 1601
3057 1164 3348 1747
3057 1310 3348 1892
3057 1456 3348 2038
3057 1601 3348 2184
3203 0 3494 582
3203 145 3494 728
3203 291 3494 873
3203 436 3494 1019
3203 582 3494 1164
3203 728 3494 1310
3203 873 3494 1456
3203 1019 3494 1601
3203 1164 3494 1747
3203 1310 3494 1892
3203 1456 3494 2038
3203 1601 3494 2184
3348 0 3640 582
3348 145 3640 728
3348 291 3640 873
3348 436 3640 1019
3348 582 3640 1164
3348 728 3640 1310
3348 873 3640 1456
3348 1019 3640 1601
3348 1164 3640 1747
3348 1310 3640 1892
3348 1456 3640 2038
3348 1601 3640 2184
3494 0 3785 582
3494 145 3785 728
3494 291 3785 873
3494 436 3785 1019
3494 582 3785 1164
3494 728 3785 1310
3494 873 3785 1456
3494 1019 3785 1601
3494 1164 3785 1747
3494 1310 3785 1892
3494 1456 3785 2038
3494 1601 3785 2184
3640 0 3931 582
3640 145 3931 728
3640 291 3931 873
3640 436 3931 1019
3640 582 3931 1164
3640 728 3931 1310
3640 873 3931 1456
3640 1019 3931 1601
3640 1164 3931 1747
3640 1310 3931 1892
3640 1456 3931 2038
3640 1601 3931 2184
3785 0 4076 582
3785 145 4076 728
3785 291 4076 873
3785 436 4076 1019
3785 582 4076 1164
3785 728 4076 1310
3785 873 4076 1456
3785 1019 4076 1601
3785 1164 4076 1747
3785 1310 4076 1892
3785 1456 4076 2038
3785 1601 4076 2184
