0 0 374 1206
2080 0 2329 353
208 353 436 790
457 312 811 686
249 416 499 811
499 312 852 811
520 332 790 665
249 832 478 1206
2496 0 3598 374
3452 0 3931 457
3515 0 3764 312
3619 270 3952 457
3764 166 4097 353
3452 187 4139 790
3806 166 4139 416
3848 249 4139 499
3390 270 4139 1248
187 1248 353 1788
2329 603 2995 1081
2371 561 2995 769
2808 644 3016 1060
2308 436 2704 852
3764 540 4139 915
3827 956 4035 1248
2849 915 3224 1310
3244 1331 3536 1601
3078 1185 3390 1497
2683 915 2932 1684
3640 936 3827 1622
790 1185 1060 1497
2766 1560 3556 1788
1830 1435 2121 1643
457 1435 1227 1976
2828 998 3432 1684
3099 1227 3411 1518
1040 1289 1601 1622
416 1456 894 1788
3120 332 3369 603
3203 332 3473 665
2787 270 3120 457
124 291 457 852
998 416 1768 644
1560 436 2371 1081
956 582 1497 936
956 707 1539 1060
1747 624 2184 936
1768 644 2017 894
3328 748 3723 1144
3120 624 3744 1268
3265 956 3764 1185
2267 894 2766 1289
2329 1123 2724 1372
1809 936 2246 1185
1809 686 2246 1310
1872 1060 2246 1310
3390 769 3764 1144
3369 769 3723 1123
249 748 582 1352
270 769 582 1164
332 748 748 1227
332 769 707 1289
582 769 769 1144
3910 790 4139 1185
3182 998 3515 1331
3016 873 3182 1227
3036 1060 3494 1560
3078 915 3764 1476
3182 915 3764 1310
3120 852 3660 1289
3224 998 3785 1331
728 956 936 1289
3827 977 4139 1456
1809 1040 2267 1331
1830 1060 2267 1372
3120 1019 3744 1622
3182 1164 3619 1601
3161 1185 3556 1580
1788 1102 2246 1414
1851 1144 2225 1435
1872 1185 2204 1435
2350 1123 2808 1372
1788 1206 2288 1664
1830 1164 2267 1664
1040 1164 1580 1560
0 1393 312 2308
208 1809 457 2308
187 1830 353 2308
3931 1976 4118 2288
3931 1976 4139 2308
3120 624 3827 1622
3515 0 3868 353
3120 956 3764 1622
3120 769 3764 1289
249 769 582 1206
915 1081 1580 1560
2329 603 2995 1684
3099 624 3827 1622
1560 416 2371 1081
3452 187 4139 915
1955 0 2329 353
3785 956 4035 1331
3556 956 4035 1331
2496 0 3598 395
2787 249 3203 478
0 0 374 1227
0 0 582 582
0 291 582 873
0 582 582 1164
0 873 582 1456
0 1164 582 1747
0 1456 582 2038
291 0 873 582
291 291 873 873
291 582 873 1164
291 873 873 1456
291 1164 873 1747
291 1456 873 2038
582 0 1164 582
582 291 1164 873
582 582 1164 1164
582 873 1164 1456
582 1164 1164 1747
582 1456 1164 2038
873 0 1456 582
873 291 1456 873
873 582 1456 1164
873 873 1456 1456
873 1164 1456 1747
873 1456 1456 2038
1164 0 1747 582
1164 291 1747 873
1164 582 1747 1164
1164 873 1747 1456
1164 1164 1747 1747
1164 1456 1747 2038
1456 0 2038 582
1456 291 2038 873
1456 582 2038 1164
1456 873 2038 1456
1456 1164 2038 1747
1456 1456 2038 2038
1747 0 2329 582
1747 291 2329 873
1747 582 2329 1164
1747 873 2329 1456
1747 1164 2329 1747
1747 1456 2329 2038
2038 0 2620 582
2038 291 2620 873
2038 582 2620 1164
2038 873 2620 1456
2038 1164 2620 1747
2038 1456 2620 2038
2329 0 2912 582
2329 291 2912 873
2329 582 2912 1164
2329 873 2912 1456
2329 1164 2912 1747
2329 1456 2912 2038
2620 0 3203 582
2620 291 3203 873
2620 582 3203 1164
2620 873 3203 1456
2620 1164 3203 1747
2620 1456 3203 2038
2912 0 3494 582
2912 291 3494 873
2912 582 3494 1164
2912 873 3494 1456
2912 1164 3494 1747
2912 1456 3494 2038
3203 0 3785 582
3203 291 3785 873
3203 582 3785 1164
3203 873 3785 1456
3203 1164 3785 1747
3203 1456 3785 2038
3494 0 4076 582
3494 291 4076 873
3494 582 4076 1164
3494 873 4076 1456
3494 1164 4076 1747
3494 1456 4076 2038
0 0 1164 582
0 291 1164 873
0 582 1164 1164
0 873 1164 1456
0 1164 1164 1747
0 1456 1164 2038
291 0 1456 582
291 291 1456 873
291 582 1456 1164
291 873 1456 1456
291 1164 1456 1747
291 1456 1456 2038
582 0 1747 582
582 291 1747 873
582 582 1747 1164
582 873 1747 1456
582 1164 1747 1747
582 1456 1747 2038
873 0 2038 582
873 291 2038 873
873 582 2038 1164
873 873 2038 1456
873 1164 2038 1747
873 1456 2038 2038
1164 0 2329 582
1164 291 2329 873
1164 582 2329 1164
1164 873 2329 1456
1164 1164 2329 1747
1164 1456 2329 2038
1456 0 2620 582
1456 291 2620 873
1456 582 2620 1164
1456 873 2620 1456
1456 1164 2620 1747
1456 1456 2620 2038
1747 0 2912 582
1747 291 2912 873
1747 582 2912 1164
1747 873 2912 1456
1747 1164 2912 1747
1747 1456 2912 2038
2038 0 3203 582
2038 291 3203 873
2038 582 3203 1164
2038 873 3203 1456
2038 1164 3203 1747
2038 1456 3203 2038
2329 0 3494 582
2329 291 3494 873
2329 582 3494 1164
2329 873 3494 1456
2329 1164 3494 1747
2329 1456 3494 2038
2620 0 3785 582
2620 291 3785 873
2620 582 3785 1164
2620 873 3785 1456
2620 1164 3785 1747
2620 1456 3785 2038
2912 0 4076 582
2912 291 4076 873
2912 582 4076 1164
2912 873 4076 1456
2912 1164 4076 1747
2912 1456 4076 2038
0 0 582 1164
0 291 582 1456
0 582 582 1747
0 873 582 2038
291 0 873 1164
291 291 873 1456
291 582 873 1747
291 873 873 2038
582 0 1164 1164
582 291 1164 1456
582 582 1164 1747
582 873 1164 2038
873 0 1456 1164
873 291 1456 1456
873 582 1456 1747
873 873 1456 2038
1164 0 1747 1164
1164 291 1747 1456
1164 582 1747 1747
1164 873 1747 2038
1456 0 2038 1164
1456 291 2038 1456
1456 582 2038 1747
1456 873 2038 2038
1747 0 2329 1164
1747 291 2329 1456
1747 582 2329 1747
1747 873 2329 2038
2038 0 2620 1164
2038 291 2620 1456
2038 582 2620 1747
2038 873 2620 2038
2329 0 2912 1164
2329 291 2912 1456
2329 582 2912 1747
2329 873 2912 2038
2620 0 3203 1164
2620 291 3203 1456
2620 582 3203 1747
2620 873 3203 2038
2912 0 3494 1164
2912 291 3494 1456
2912 582 3494 1747
2912 873 3494 2038
3203 0 3785 1164
3203 291 3785 1456
3203 582 3785 1747
3203 873 3785 2038
3494 0 4076 1164
3494 291 4076 1456
3494 582 4076 1747
3494 873 4076 2038
0 0 291 291
0 145 291 436
0 291 291 582
0 436 291 728
0 582 291 873
0 728 291 1019
0 873 291 1164
0 1019 291 1310
0 1164 291 1456
0 1310 291 1601
0 1456 291 1747
0 1601 291 1892
0 1747 291 2038
0 1892 291 2184
145 0 436 291
145 145 436 436
145 291 436 582
145 436 436 728
145 582 436 873
145 728 436 1019
145 873 436 1164
145 1019 436 1310
145 1164 436 1456
145 1310 436 1601
145 1456 436 1747
145 1601 436 1892
145 1747 436 2038
145 1892 436 2184
291 0 582 291
291 145 582 436
291 291 582 582
291 436 582 728
291 582 582 873
291 728 582 1019
291 873 582 1164
291 1019 582 1310
291 1164 582 1456
291 1310 582 1601
291 1456 582 1747
291 1601 582 1892
291 1747 582 2038
291 1892 582 2184
436 0 728 291
436 145 728 436
436 291 728 582
436 436 728 728
436 582 728 873
436 728 728 1019
436 873 728 1164
436 1019 728 1310
436 1164 728 1456
436 1310 728 1601
436 1456 728 1747
436 1601 728 1892
436 1747 728 2038
436 1892 728 2184
582 0 873 291
582 145 873 436
582 291 873 582
582 436 873 728
582 582 873 873
582 728 873 1019
582 873 873 1164
582 1019 873 1310
582 1164 873 1456
582 1310 873 1601
582 1456 873 1747
582 1601 873 1892
582 1747 873 2038
582 1892 873 2184
728 0 1019 291
728 145 1019 436
728 291 1019 582
728 436 1019 728
728 582 1019 873
728 728 1019 1019
728 873 1019 1164
728 1019 1019 1310
728 1164 1019 1456
728 1310 1019 1601
728 1456 1019 1747
728 1601 1019 1892
728 1747 1019 2038
728 1892 1019 2184
873 0 1164 291
873 145 1164 436
873 291 1164 582
873 436 1164 728
873 582 1164 873
873 728 1164 1019
873 873 1164 1164
873 1019 1164 1310
873 1164 1164 1456
873 1310 1164 1601
873 1456 1164 1747
873 1601 1164 1892
873 1747 1164 2038
873 1892 1164 2184
1019 0 1310 291
1019 145 1310 436
1019 291 1310 582
1019 436 1310 728
1019 582 1310 873
1019 728 1310 1019
1019 873 1310 1164
1019 1019 1310 1310
1019 1164 1310 1456
1019 1310 1310 1601
1019 1456 1310 1747
1019 1601 1310 1892
1019 1747 1310 2038
1019 1892 1310 2184
1164 0 1456 291
1164 145 1456 436
1164 291 1456 582
1164 436 1456 728
1164 582 1456 873
1164 728 1456 1019
1164 873 1456 1164
1164 1019 1456 1310
1164 1164 1456 1456
1164 1310 1456 1601
1164 1456 1456 1747
1164 1601 1456 1892
1164 1747 1456 2038
1164 1892 1456 2184
1310 0 1601 291
1310 145 1601 436
1310 291 1601 582
1310 436 1601 728
1310 582 1601 873
1310 728 1601 1019
1310 873 1601 1164
1310 1019 1601 1310
1310 1164 1601 1456
1310 1310 1601 1601
1310 1456 1601 1747
1310 1601 1601 1892
1310 1747 1601 2038
1310 1892 1601 2184
1456 0 1747 291
1456 145 1747 436
1456 291 1747 582
1456 436 1747 728
1456 582 1747 873
1456 728 1747 1019
1456 873 1747 1164
1456 1019 1747 1310
1456 1164 1747 1456
1456 1310 1747 1601
1456 1456 1747 1747
1456 1601 1747 1892
1456 1747 1747 2038
1456 1892 1747 2184
1601 0 1892 291
1601 145 1892 436
1601 291 1892 582
1601 436 1892 728
1601 582 1892 873
1601 728 1892 1019
1601 873 1892 1164
1601 1019 1892 1310
1601 1164 1892 1456
1601 1310 1892 1601
1601 1456 1892 1747
1601 1601 1892 1892
1601 1747 1892 2038
1601 1892 1892 2184
1747 0 2038 291
1747 145 2038 436
1747 291 2038 582
1747 436 2038 728
1747 582 2038 873
1747 728 2038 1019
1747 873 2038 1164
1747 1019 2038 1310
1747 1164 2038 1456
1747 1310 2038 1601
1747 1456 2038 1747
1747 1601 2038 1892
1747 1747 2038 2038
1747 1892 2038 2184
1892 0 2184 291
1892 145 2184 436
1892 291 2184 582
1892 436 2184 728
1892 582 2184 873
1892 728 2184 1019
1892 873 2184 1164
1892 1019 2184 1310
1892 1164 2184 1456
1892 1310 2184 1601
1892 1456 2184 1747
1892 1601 2184 1892
1892 1747 2184 2038
1892 1892 2184 2184
2038 0 2329 291
2038 145 2329 436
2038 291 2329 582
2038 436 2329 728
2038 582 2329 873
2038 728 2329 1019
2038 873 2329 1164
2038 1019 2329 1310
2038 1164 2329 1456
2038 1310 2329 1601
2038 1456 2329 1747
2038 1601 2329 1892
2038 1747 2329 2038
2038 1892 2329 2184
2184 0 2475 291
2184 145 2475 436
2184 291 2475 582
2184 436 2475 728
2184 582 2475 873
2184 728 2475 1019
2184 873 2475 1164
2184 1019 2475 1310
2184 1164 2475 1456
2184 1310 2475 1601
2184 1456 2475 1747
2184 1601 2475 1892
2184 1747 2475 2038
2184 1892 2475 2184
2329 0 2620 291
2329 145 2620 436
2329 291 2620 582
2329 436 2620 728
2329 582 2620 873
2329 728 2620 1019
2329 873 2620 1164
2329 1019 2620 1310
2329 1164 2620 1456
2329 1310 2620 1601
2329 1456 2620 1747
2329 1601 2620 1892
2329 1747 2620 2038
2329 1892 2620 2184
2475 0 2766 291
2475 145 2766 436
2475 291 2766 582
2475 436 2766 728
2475 582 2766 873
2475 728 2766 1019
2475 873 2766 1164
2475 1019 2766 1310
2475 1164 2766 1456
2475 1310 2766 1601
2475 1456 2766 1747
2475 1601 2766 1892
2475 1747 2766 2038
2475 1892 2766 2184
2620 0 2912 291
2620 145 2912 436
2620 291 2912 582
2620 436 2912 728
2620 582 2912 873
2620 728 2912 1019
2620 873 2912 1164
2620 1019 2912 1310
2620 1164 2912 1456
2620 1310 2912 1601
2620 1456 2912 1747
2620 1601 2912 1892
2620 1747 2912 2038
2620 1892 2912 2184
2766 0 3057 291
2766 145 3057 436
2766 291 3057 582
2766 436 3057 728
2766 582 3057 873
2766 728 3057 1019
2766 873 3057 1164
2766 1019 3057 1310
2766 1164 3057 1456
2766 1310 3057 1601
2766 1456 3057 1747
2766 1601 3057 1892
2766 1747 3057 2038
2766 1892 3057 2184
2912 0 3203 291
2912 145 3203 436
2912 291 3203 582
2912 436 3203 728
2912 582 3203 873
2912 728 3203 1019
2912 873 3203 1164
2912 1019 3203 1310
2912 1164 3203 1456
2912 1310 3203 1601
2912 1456 3203 1747
2912 1601 3203 1892
2912 1747 3203 2038
2912 1892 3203 2184
3057 0 3348 291
3057 145 3348 436
3057 291 3348 582
3057 436 3348 728
3057 582 3348 873
3057 728 3348 1019
3057 873 3348 1164
3057 1019 3348 1310
3057 1164 3348 1456
3057 1310 3348 1601
3057 1456 3348 1747
3057 1601 3348 1892
3057 1747 3348 2038
3057 1892 3348 2184
3203 0 3494 291
3203 145 3494 436
3203 291 3494 582
3203 436 3494 728
3203 582 3494 873
3203 728 3494 1019
3203 873 3494 1164
3203 1019 3494 1310
3203 1164 3494 1456
3203 1310 3494 1601
3203 1456 3494 1747
3203 1601 3494 1892
3203 1747 3494 2038
3203 1892 3494 2184
3348 0 3640 291
3348 145 3640 436
3348 291 3640 582
3348 436 3640 728
3348 582 3640 873
3348 728 3640 1019
3348 873 3640 1164
3348 1019 3640 1310
3348 1164 3640 1456
3348 1310 3640 1601
3348 1456 3640 1747
3348 1601 3640 1892
3348 1747 3640 2038
3348 1892 3640 2184
3494 0 3785 291
3494 145 3785 436
3494 291 3785 582
3494 436 3785 728
3494 582 3785 873
3494 728 3785 1019
3494 873 3785 1164
3494 1019 3785 1310
3494 1164 3785 1456
3494 1310 3785 1601
3494 1456 3785 1747
3494 1601 3785 1892
3494 1747 3785 2038
3494 1892 3785 2184
3640 0 3931 291
3640 145 3931 436
3640 291 3931 582
3640 436 3931 728
3640 582 3931 873
3640 728 3931 1019
3640 873 3931 1164
3640 1019 3931 1310
3640 1164 3931 1456
3640 1310 3931 1601
3640 1456 3931 1747
3640 1601 3931 1892
3640 1747 3931 2038
3640 1892 3931 2184
3785 0 4076 291
3785 145 4076 436
3785 291 4076 582
3785 436 4076 728
3785 582 4076 873
3785 728 4076 1019
3785 873 4076 1164
3785 1019 4076 1310
3785 1164 4076 1456
3785 1310 4076 1601
3785 1456 4076 1747
3785 1601 4076 1892
3785 1747 4076 2038
3785 1892 4076 2184
0 0 582 291
0 145 582 436
0 291 582 582
0 436 582 728
0 582 582 873
0 728 582 1019
0 873 582 1164
0 1019 582 1310
0 1164 582 1456
0 1310 582 1601
0 1456 582 1747
0 1601 582 1892
0 1747 582 2038
0 1892 582 2184
145 0 728 291
145 145 728 436
145 291 728 582
145 436 728 728
145 582 728 873
145 728 728 1019
145 873 728 1164
145 1019 728 1310
145 1164 728 1456
145 1310 728 1601
145 1456 728 1747
145 1601 728 1892
145 1747 728 2038
145 1892 728 2184
291 0 873 291
291 145 873 436
291 291 873 582
291 436 873 728
291 582 873 873
291 728 873 1019
291 873 873 1164
291 1019 873 1310
291 1164 873 1456
291 1310 873 1601
291 1456 873 1747
291 1601 873 1892
291 1747 873 2038
291 1892 873 2184
436 0 1019 291
436 145 1019 436
436 291 1019 582
436 436 1019 728
436 582 1019 873
436 728 1019 1019
436 873 1019 1164
436 1019 1019 1310
436 1164 1019 1456
436 1310 1019 1601
436 1456 1019 1747
436 1601 1019 1892
436 1747 1019 2038
436 1892 1019 2184
582 0 1164 291
582 145 1164 436
582 291 1164 582
582 436 1164 728
582 582 1164 873
582 728 1164 1019
582 873 1164 1164
582 1019 1164 1310
582 1164 1164 1456
582 1310 1164 1601
582 1456 1164 1747
582 1601 1164 1892
582 1747 1164 2038
582 1892 1164 2184
728 0 1310 291
728 145 1310 436
728 291 1310 582
728 436 1310 728
728 582 1310 873
728 728 1310 1019
728 873 1310 1164
728 1019 1310 1310
728 1164 1310 1456
728 1310 1310 1601
728 1456 1310 1747
728 1601 1310 1892
728 1747 1310 2038
728 1892 1310 2184
873 0 1456 291
873 145 1456 436
873 291 1456 582
873 436 1456 728
873 582 1456 873
873 728 1456 1019
873 873 1456 1164
873 1019 1456 1310
873 1164 1456 1456
873 1310 1456 1601
873 1456 1456 1747
873 1601 1456 1892
873 1747 1456 2038
873 1892 1456 2184
1019 0 1601 291
1019 145 1601 436
1019 291 1601 582
1019 436 1601 728
1019 582 1601 873
1019 728 1601 1019
1019 873 1601 1164
1019 1019 1601 1310
1019 1164 1601 1456
1019 1310 1601 1601
1019 1456 1601 1747
1019 1601 1601 1892
1019 1747 1601 2038
1019 1892 1601 2184
1164 0 1747 291
1164 145 1747 436
1164 291 1747 582
1164 436 1747 728
1164 582 1747 873
1164 728 1747 1019
1164 873 1747 1164
1164 1019 1747 1310
1164 1164 1747 1456
1164 1310 1747 1601
1164 1456 1747 1747
1164 1601 1747 1892
1164 1747 1747 2038
1164 1892 1747 2184
1310 0 1892 291
1310 145 1892 436
1310 291 1892 582
1310 436 1892 728
1310 582 1892 873
1310 728 1892 1019
1310 873 1892 1164
1310 1019 1892 1310
1310 1164 1892 1456
1310 1310 1892 1601
1310 1456 1892 1747
1310 1601 1892 1892
1310 1747 1892 2038
1310 1892 1892 2184
1456 0 2038 291
1456 145 2038 436
1456 291 2038 582
1456 436 2038 728
1456 582 2038 873
1456 728 2038 1019
1456 873 2038 1164
1456 1019 2038 1310
1456 1164 2038 1456
1456 1310 2038 1601
1456 1456 2038 1747
1456 1601 2038 1892
1456 1747 2038 2038
1456 1892 2038 2184
1601 0 2184 291
1601 145 2184 436
1601 291 2184 582
1601 436 2184 728
1601 582 2184 873
1601 728 2184 1019
1601 873 2184 1164
1601 1019 2184 1310
1601 1164 2184 1456
1601 1310 2184 1601
1601 1456 2184 1747
1601 1601 2184 1892
1601 1747 2184 2038
1601 1892 2184 2184
1747 0 2329 291
1747 145 2329 436
1747 291 2329 582
1747 436 2329 728
1747 582 2329 873
1747 728 2329 1019
1747 873 2329 1164
1747 1019 2329 1310
1747 1164 2329 1456
1747 1310 2329 1601
1747 1456 2329 1747
1747 1601 2329 1892
1747 1747 2329 2038
1747 1892 2329 2184
1892 0 2475 291
1892 145 2475 436
1892 291 2475 582
1892 436 2475 728
1892 582 2475 873
1892 728 2475 1019
1892 873 2475 1164
1892 1019 2475 1310
1892 1164 2475 1456
1892 1310 2475 1601
1892 1456 2475 1747
1892 1601 2475 1892
1892 1747 2475 2038
1892 1892 2475 2184
2038 0 2620 291
2038 145 2620 436
2038 291 2620 582
2038 436 2620 728
2038 582 2620 873
2038 728 2620 1019
2038 873 2620 1164
2038 1019 2620 1310
2038 1164 2620 1456
2038 1310 2620 1601
2038 1456 2620 1747
2038 1601 2620 1892
2038 1747 2620 2038
2038 1892 2620 2184
2184 0 2766 291
2184 145 2766 436
2184 291 2766 582
2184 436 2766 728
2184 582 2766 873
2184 728 2766 1019
2184 873 2766 1164
2184 1019 2766 1310
2184 1164 2766 1456
2184 1310 2766 1601
2184 1456 2766 1747
2184 1601 2766 1892
2184 1747 2766 2038
2184 1892 2766 2184
2329 0 2912 291
2329 145 2912 436
2329 291 2912 582
2329 436 2912 728
2329 582 2912 873
2329 728 2912 1019
2329 873 2912 1164
2329 1019 2912 1310
2329 1164 2912 1456
2329 1310 2912 1601
2329 1456 2912 1747
2329 1601 2912 1892
2329 1747 2912 2038
2329 1892 2912 2184
2475 0 3057 291
2475 145 3057 436
2475 291 3057 582
2475 436 3057 728
2475 582 3057 873
2475 728 3057 1019
2475 873 3057 1164
2475 1019 3057 1310
2475 1164 3057 1456
2475 1310 3057 1601
2475 1456 3057 1747
2475 1601 3057 1892
2475 1747 3057 2038
2475 1892 3057 2184
2620 0 3203 291
2620 145 3203 436
2620 291 3203 582
2620 436 3203 728
2620 582 3203 873
2620 728 3203 1019
2620 873 3203 1164
2620 1019 3203 1310
2620 1164 3203 1456
2620 1310 3203 1601
2620 1456 3203 1747
2620 1601 3203 1892
2620 1747 3203 2038
2620 1892 3203 2184
2766 0 3348 291
2766 145 3348 436
2766 291 3348 582
2766 436 3348 728
2766 582 3348 873
2766 728 3348 1019
2766 873 3348 1164
2766 1019 3348 1310
2766 1164 3348 1456
2766 1310 3348 1601
2766 1456 3348 1747
2766 1601 3348 1892
2766 1747 3348 2038
2766 1892 3348 2184
2912 0 3494 291
2912 145 3494 436
2912 291 3494 582
2912 436 3494 728
2912 582 3494 873
2912 728 3494 1019
2912 873 3494 1164
2912 1019 3494 1310
2912 1164 3494 1456
2912 1310 3494 1601
2912 1456 3494 1747
2912 1601 3494 1892
2912 1747 3494 2038
2912 1892 3494 2184
3057 0 3640 291
3057 145 3640 436
3057 291 3640 582
3057 436 3640 728
3057 582 3640 873
3057 728 3640 1019
3057 873 3640 1164
3057 1019 3640 1310
3057 1164 3640 1456
3057 1310 3640 1601
3057 1456 3640 1747
3057 1601 3640 1892
3057 1747 3640 2038
3057 1892 3640 2184
3203 0 3785 291
3203 145 3785 436
3203 291 3785 582
3203 436 3785 728
3203 582 3785 873
3203 728 3785 1019
3203 873 3785 1164
3203 1019 3785 1310
3203 1164 3785 1456
3203 1310 3785 1601
3203 1456 3785 1747
3203 1601 3785 1892
3203 1747 3785 2038
3203 1892 3785 2184
3348 0 3931 291
3348 145 3931 436
3348 291 3931 582
3348 436 3931 728
3348 582 3931 873
3348 728 3931 1019
3348 873 3931 1164
3348 1019 3931 1310
3348 1164 3931 1456
3348 1310 3931 1601
3348 1456 3931 1747
3348 1601 3931 1892
3348 1747 3931 2038
3348 1892 3931 2184
3494 0 4076 291
3494 145 4076 436
3494 291 4076 582
3494 436 4076 728
3494 582 4076 873
3494 728 4076 1019
3494 873 4076 1164
3494 1019 4076 1310
3494 1164 4076 1456
3494 1310 4076 1601
3494 1456 4076 1747
3494 1601 4076 1892
3494 1747 4076 2038
3494 1892 4076 2184
0 0 291 582
0 145 291 728
0 291 291 873
0 436 291 1019
0 582 291 1164
0 728 291 1310
0 873 291 1456
0 1019 291 1601
0 1164 291 1747
0 1310 291 1892
0 1456 291 2038
0 1601 291 2184
145 0 436 582
145 145 436 728
145 291 436 873
145 436 436 1019
145 582 436 1164
145 728 436 1310
145 873 436 1456
145 1019 436 1601
145 1164 436 1747
145 1310 436 1892
145 1456 436 2038
145 1601 436 2184
291 0 582 582
291 145 582 728
291 291 582 873
291 436 582 1019
291 582 582 1164
291 728 582 1310
291 873 582 1456
291 1019 582 1601
291 1164 582 1747
291 1310 582 1892
291 1456 582 2038
291 1601 582 2184
436 0 728 582
436 145 728 728
436 291 728 873
436 436 728 1019
436 582 728 1164
436 728 728 1310
436 873 728 1456
436 1019 728 1601
436 1164 728 1747
436 1310 728 1892
436 1456 728 2038
436 1601 728 2184
582 0 873 582
582 145 873 728
582 291 873 873
582 436 873 1019
582 582 873 1164
582 728 873 1310
582 873 873 1456
582 1019 873 1601
582 1164 873 1747
582 1310 873 1892
582 1456 873 2038
582 1601 873 2184
728 0 1019 582
728 145 1019 728
728 291 1019 873
728 436 1019 1019
728 582 1019 1164
728 728 1019 1310
728 873 1019 1456
728 1019 1019 1601
728 1164 1019 1747
728 1310 1019 1892
728 1456 1019 2038
728 1601 1019 2184
873 0 1164 582
873 145 1164 728
873 291 1164 873
873 436 1164 1019
873 582 1164 1164
873 728 1164 1310
873 873 1164 1456
873 1019 1164 1601
873 1164 1164 1747
873 1310 1164 1892
873 1456 1164 2038
873 1601 1164 2184
1019 0 1310 582
1019 145 1310 728
1019 291 1310 873
1019 436 1310 1019
1019 582 1310 1164
1019 728 1310 1310
1019 873 1310 1456
1019 1019 1310 1601
1019 1164 1310 1747
1019 1310 1310 1892
1019 1456 1310 2038
1019 1601 1310 2184
1164 0 1456 582
1164 145 1456 728
1164 291 1456 873
1164 436 1456 1019
1164 582 1456 1164
1164 728 1456 1310
1164 873 1456 1456
1164 1019 1456 1601
1164 1164 1456 1747
1164 1310 1456 1892
1164 1456 1456 2038
1164 1601 1456 2184
1310 0 1601 582
1310 145 1601 728
1310 291 1601 873
1310 436 1601 1019
1310 582 1601 1164
1310 728 1601 1310
1310 873 1601 1456
1310 1019 1601 1601
1310 1164 1601 1747
1310 1310 1601 1892
1310 1456 1601 2038
1310 1601 1601 2184
1456 0 1747 582
1456 145 1747 728
1456 291 1747 873
1456 436 1747 1019
1456 582 1747 1164
1456 728 1747 1310
1456 873 1747 1456
1456 1019 1747 1601
1456 1164 1747 1747
1456 1310 1747 1892
1456 1456 1747 2038
1456 1601 1747 2184
1601 0 1892 582
1601 145 1892 728
1601 291 1892 873
1601 436 1892 1019
1601 582 1892 1164
1601 728 1892 1310
1601 873 1892 1456
1601 1019 1892 1601
1601 1164 1892 1747
1601 1310 1892 1892
1601 1456 1892 2038
1601 1601 1892 2184
1747 0 2038 582
1747 145 2038 728
1747 291 2038 873
1747 436 2038 1019
1747 582 2038 1164
1747 728 2038 1310
1747 873 2038 1456
1747 1019 2038 1601
1747 1164 2038 1747
1747 1310 2038 1892
1747 1456 2038 2038
1747 1601 2038 2184
1892 0 2184 582
1892 145 2184 728
1892 291 2184 873
1892 436 2184 1019
1892 582 2184 1164
1892 728 2184 1310
1892 873 2184 1456
1892 1019 2184 1601
1892 1164 2184 1747
1892 1310 2184 1892
1892 1456 2184 2038
1892 1601 2184 2184
2038 0 2329 582
2038 145 2329 728
2038 291 2329 873
2038 436 2329 1019
2038 582 2329 1164
2038 728 2329 1310
2038 873 2329 1456
2038 1019 2329 1601
2038 1164 2329 1747
2038 1310 2329 1892
2038 1456 2329 2038
2038 1601 2329 2184
2184 0 2475 582
2184 145 2475 728
2184 291 2475 873
2184 436 2475 1019
2184 582 2475 1164
2184 728 2475 1310
2184 873 2475 1456
2184 1019 2475 1601
2184 1164 2475 1747
2184 1310 2475 1892
2184 1456 2475 2038
2184 1601 2475 2184
2329 0 2620 582
2329 145 2620 728
2329 291 2620 873
2329 436 2620 1019
2329 582 2620 1164
2329 728 2620 1310
2329 873 2620 1456
2329 1019 2620 1601
2329 1164 2620 1747
2329 1310 2620 1892
2329 1456 2620 2038
2329 1601 2620 2184
2475 0 2766 582
2475 145 2766 728
2475 291 2766 873
2475 436 2766 1019
2475 582 2766 1164
2475 728 2766 1310
2475 873 2766 1456
2475 1019 2766 1601
2475 1164 2766 1747
2475 1310 2766 1892
2475 1456 2766 2038
2475 1601 2766 2184
2620 0 2912 582
2620 145 2912 728
2620 291 2912 873
2620 436 2912 1019
2620 582 2912 1164
2620 728 2912 1310
2620 873 2912 1456
2620 1019 2912 1601
2620 1164 2912 1747
2620 1310 2912 1892
2620 1456 2912 2038
2620 1601 2912 2184
2766 0 3057 582
2766 145 3057 728
2766 291 3057 873
2766 436 3057 1019
2766 582 3057 1164
2766 728 3057 1310
2766 873 3057 1456
2766 1019 3057 1601
2766 1164 3057 1747
2766 1310 3057 1892
2766 1456 3057 2038
2766 1601 3057 2184
2912 0 3203 582
2912 145 3203 728
2912 291 3203 873
2912 436 3203 1019
2912 582 3203 1164
2912 728 3203 1310
2912 873 3203 1456
2912 1019 3203 1601
2912 1164 3203 1747
2912 1310 3203 1892
2912 1456 3203 2038
2912 1601 3203 2184
3057 0 3348 582
3057 145 3348 728
3057 291 3348 873
3057 436 3348 1019
3057 582 3348 1164
3057 728 3348 1310
3057 873 3348 1456
3057 1019 3348 1601
3057 1164 3348 1747
3057 1310 3348 1892
3057 1456 3348 2038
3057 1601 3348 2184
3203 0 3494 582
3203 145 3494 728
3203 291 3494 873
3203 436 3494 1019
3203 582 3494 1164
3203 728 3494 1310
3203 873 3494 1456
3203 1019 3494 1601
3203 1164 3494 1747
3203 1310 3494 1892
3203 1456 3494 2038
3203 1601 3494 2184
3348 0 3640 582
3348 145 3640 728
3348 291 3640 873
3348 436 3640 1019
3348 582 3640 1164
3348 728 3640 1310
3348 873 3640 1456
3348 1019 3640 1601
3348 1164 3640 1747
3348 1310 3640 1892
3348 1456 3640 2038
3348 1601 3640 2184
3494 0 3785 582
3494 145 3785 728
3494 291 3785 873
3494 436 3785 1019
3494 582 3785 1164
3494 728 3785 1310
3494 873 3785 1456
3494 1019 3785 1601
3494 1164 3785 1747
3494 1310 3785 1892
3494 1456 3785 2038
3494 1601 3785 2184
3640 0 3931 582
3640 145 3931 728
3640 291 3931 873
3640 436 3931 1019
3640 582 3931 1164
3640 728 3931 1310
3640 873 3931 1456
3640 1019 3931 1601
3640 1164 3931 1747
3640 1310 3931 1892
3640 1456 3931 2038
3640 1601 3931 2184
3785 0 4076 582
3785 145 4076 728
3785 291 4076 873
3785 436 4076 1019
3785 582 4076 1164
3785 728 4076 1310
3785 873 4076 1456
3785 1019 4076 1601
3785 1164 4076 1747
3785 1310 4076 1892
3785 1456 4076 2038
3785 1601 4076 2184
