524 96 569 131
528 99 636 156
112 86 156 118
92 89 156 137
96 92 153 150
108 96 160 144
505 92 560 144
505 99 547 134
537 105 579 137
515 92 636 198
572 150 636 326
531 108 569 147
524 307 598 355
0 156 89 342
0 156 80 182
0 246 80 342
432 304 636 384
364 323 457 384
422 323 467 384
0 195 86 243
582 211 636 339
460 294 598 355
528 99 636 201
86 89 156 153
412 323 467 390
409 323 467 390
572 150 636 329
0 156 102 352
0 0 106 106
0 53 106 159
0 106 106 212
0 159 106 266
0 212 106 319
0 266 106 372
53 0 159 106
53 53 159 159
53 106 159 212
53 159 159 266
53 212 159 319
53 266 159 372
106 0 212 106
106 53 212 159
106 106 212 212
106 159 212 266
106 212 212 319
106 266 212 372
159 0 266 106
159 53 266 159
159 106 266 212
159 159 266 266
159 212 266 319
159 266 266 372
212 0 319 106
212 53 319 159
212 106 319 212
212 159 319 266
212 212 319 319
212 266 319 372
266 0 372 106
266 53 372 159
266 106 372 212
266 159 372 266
266 212 372 319
266 266 372 372
319 0 425 106
319 53 425 159
319 106 425 212
319 159 425 266
319 212 425 319
319 266 425 372
372 0 478 106
372 53 478 159
372 106 478 212
372 159 478 266
372 212 478 319
372 266 478 372
425 0 532 106
425 53 532 159
425 106 532 212
425 159 532 266
425 212 532 319
425 266 532 372
478 0 585 106
478 53 585 159
478 106 585 212
478 159 585 266
478 212 585 319
478 266 585 372
0 0 53 53
0 26 53 79
0 53 53 106
0 79 53 133
0 106 53 159
0 133 53 186
0 159 53 212
0 186 53 239
0 212 53 266
0 239 53 292
0 266 53 319
0 292 53 345
0 319 53 372
0 345 53 399
26 0 79 53
26 26 79 79
26 53 79 106
26 79 79 133
26 106 79 159
26 133 79 186
26 159 79 212
26 186 79 239
26 212 79 266
26 239 79 292
26 266 79 319
26 292 79 345
26 319 79 372
26 345 79 399
53 0 106 53
53 26 106 79
53 53 106 106
53 79 106 133
53 106 106 159
53 133 106 186
53 159 106 212
53 186 106 239
53 212 106 266
53 239 106 292
53 266 106 319
53 292 106 345
53 319 106 372
53 345 106 399
79 0 133 53
79 26 133 79
79 53 133 106
79 79 133 133
79 106 133 159
79 133 133 186
79 159 133 212
79 186 133 239
79 212 133 266
79 239 133 292
79 266 133 319
79 292 133 345
79 319 133 372
79 345 133 399
106 0 159 53
106 26 159 79
106 53 159 106
106 79 159 133
106 106 159 159
106 133 159 186
106 159 159 212
106 186 159 239
106 212 159 266
106 239 159 292
106 266 159 319
106 292 159 345
106 319 159 372
106 345 159 399
133 0 186 53
133 26 186 79
133 53 186 106
133 79 186 133
133 106 186 159
133 133 186 186
133 159 186 212
133 186 186 239
133 212 186 266
133 239 186 292
133 266 186 319
133 292 186 345
133 319 186 372
133 345 186 399
159 0 212 53
159 26 212 79
159 53 212 106
159 79 212 133
159 106 212 159
159 133 212 186
159 159 212 212
159 186 212 239
159 212 212 266
159 239 212 292
159 266 212 319
159 292 212 345
159 319 212 372
159 345 212 399
186 0 239 53
186 26 239 79
186 53 239 106
186 79 239 133
186 106 239 159
186 133 239 186
186 159 239 212
186 186 239 239
186 212 239 266
186 239 239 292
186 266 239 319
186 292 239 345
186 319 239 372
186 345 239 399
212 0 266 53
212 26 266 79
212 53 266 106
212 79 266 133
212 106 266 159
212 133 266 186
212 159 266 212
212 186 266 239
212 212 266 266
212 239 266 292
212 266 266 319
212 292 266 345
212 319 266 372
212 345 266 399
239 0 292 53
239 26 292 79
239 53 292 106
239 79 292 133
239 106 292 159
239 133 292 186
239 159 292 212
239 186 292 239
239 212 292 266
239 239 292 292
239 266 292 319
239 292 292 345
239 319 292 372
239 345 292 399
266 0 319 53
266 26 319 79
266 53 319 106
266 79 319 133
266 106 319 159
266 133 319 186
266 159 319 212
266 186 319 239
266 212 319 266
266 239 319 292
266 266 319 319
266 292 319 345
266 319 319 372
266 345 319 399
292 0 345 53
292 26 345 79
292 53 345 106
292 79 345 133
292 106 345 159
292 133 345 186
292 159 345 212
292 186 345 239
292 212 345 266
292 239 345 292
292 266 345 319
292 292 345 345
292 319 345 372
292 345 345 399
319 0 372 53
319 26 372 79
319 53 372 106
319 79 372 133
319 106 372 159
319 133 372 186
319 159 372 212
319 186 372 239
319 212 372 266
319 239 372 292
319 266 372 319
319 292 372 345
319 319 372 372
319 345 372 399
345 0 399 53
345 26 399 79
345 53 399 106
345 79 399 133
345 106 399 159
345 133 399 186
345 159 399 212
345 186 399 239
345 212 399 266
345 239 399 292
345 266 399 319
345 292 399 345
345 319 399 372
345 345 399 399
372 0 425 53
372 26 425 79
372 53 425 106
372 79 425 133
372 106 425 159
372 133 425 186
372 159 425 212
372 186 425 239
372 212 425 266
372 239 425 292
372 266 425 319
372 292 425 345
372 319 425 372
372 345 425 399
399 0 452 53
399 26 452 79
399 53 452 106
399 79 452 133
399 106 452 159
399 133 452 186
399 159 452 212
399 186 452 239
399 212 452 266
399 239 452 292
399 266 452 319
399 292 452 345
399 319 452 372
399 345 452 399
425 0 478 53
425 26 478 79
425 53 478 106
425 79 478 133
425 106 478 159
425 133 478 186
425 159 478 212
425 186 478 239
425 212 478 266
425 239 478 292
425 266 478 319
425 292 478 345
425 319 478 372
425 345 478 399
452 0 505 53
452 26 505 79
452 53 505 106
452 79 505 133
452 106 505 159
452 133 505 186
452 159 505 212
452 186 505 239
452 212 505 266
452 239 505 292
452 266 505 319
452 292 505 345
452 319 505 372
452 345 505 399
478 0 532 53
478 26 532 79
478 53 532 106
478 79 532 133
478 106 532 159
478 133 532 186
478 159 532 212
478 186 532 239
478 212 532 266
478 239 532 292
478 266 532 319
478 292 532 345
478 319 532 372
478 345 532 399
505 0 558 53
505 26 558 79
505 53 558 106
505 79 558 133
505 106 558 159
505 133 558 186
505 159 558 212
505 186 558 239
505 212 558 266
505 239 558 292
505 266 558 319
505 292 558 345
505 319 558 372
505 345 558 399
532 0 585 53
532 26 585 79
532 53 585 106
532 79 585 133
532 106 585 159
532 133 585 186
532 159 585 212
532 186 585 239
532 212 585 266
532 239 585 292
532 266 585 319
532 292 585 345
532 319 585 372
532 345 585 399
558 0 611 53
558 26 611 79
558 53 611 106
558 79 611 133
558 106 611 159
558 133 611 186
558 159 611 212
558 186 611 239
558 212 611 266
558 239 611 292
558 266 611 319
558 292 611 345
558 319 611 372
558 345 611 399
0 0 106 53
0 26 106 79
0 53 106 106
0 79 106 133
0 106 106 159
0 133 106 186
0 159 106 212
0 186 106 239
0 212 106 266
0 239 106 292
0 266 106 319
0 292 106 345
0 319 106 372
0 345 106 399
26 0 133 53
26 26 133 79
26 53 133 106
26 79 133 133
26 106 133 159
26 133 133 186
26 159 133 212
26 186 133 239
26 212 133 266
26 239 133 292
26 266 133 319
26 292 133 345
26 319 133 372
26 345 133 399
53 0 159 53
53 26 159 79
53 53 159 106
53 79 159 133
53 106 159 159
53 133 159 186
53 159 159 212
53 186 159 239
53 212 159 266
53 239 159 292
53 266 159 319
53 292 159 345
53 319 159 372
53 345 159 399
79 0 186 53
79 26 186 79
79 53 186 106
79 79 186 133
79 106 186 159
79 133 186 186
79 159 186 212
79 186 186 239
79 212 186 266
79 239 186 292
79 266 186 319
79 292 186 345
79 319 186 372
79 345 186 399
106 0 212 53
106 26 212 79
106 53 212 106
106 79 212 133
106 106 212 159
106 133 212 186
106 159 212 212
106 186 212 239
106 212 212 266
106 239 212 292
106 266 212 319
106 292 212 345
106 319 212 372
106 345 212 399
133 0 239 53
133 26 239 79
133 53 239 106
133 79 239 133
133 106 239 159
133 133 239 186
133 159 239 212
133 186 239 239
133 212 239 266
133 239 239 292
133 266 239 319
133 292 239 345
133 319 239 372
133 345 239 399
159 0 266 53
159 26 266 79
159 53 266 106
159 79 266 133
159 106 266 159
159 133 266 186
159 159 266 212
159 186 266 239
159 212 266 266
159 239 266 292
159 266 266 319
159 292 266 345
159 319 266 372
159 345 266 399
186 0 292 53
186 26 292 79
186 53 292 106
186 79 292 133
186 106 292 159
186 133 292 186
186 159 292 212
186 186 292 239
186 212 292 266
186 239 292 292
186 266 292 319
186 292 292 345
186 319 292 372
186 345 292 399
212 0 319 53
212 26 319 79
212 53 319 106
212 79 319 133
212 106 319 159
212 133 319 186
212 159 319 212
212 186 319 239
212 212 319 266
212 239 319 292
212 266 319 319
212 292 319 345
212 319 319 372
212 345 319 399
239 0 345 53
239 26 345 79
239 53 345 106
239 79 345 133
239 106 345 159
239 133 345 186
239 159 345 212
239 186 345 239
239 212 345 266
239 239 345 292
239 266 345 319
239 292 345 345
239 319 345 372
239 345 345 399
266 0 372 53
266 26 372 79
266 53 372 106
266 79 372 133
266 106 372 159
266 133 372 186
266 159 372 212
266 186 372 239
266 212 372 266
266 239 372 292
266 266 372 319
266 292 372 345
266 319 372 372
266 345 372 399
292 0 399 53
292 26 399 79
292 53 399 106
292 79 399 133
292 106 399 159
292 133 399 186
292 159 399 212
292 186 399 239
292 212 399 266
292 239 399 292
292 266 399 319
292 292 399 345
292 319 399 372
292 345 399 399
319 0 425 53
319 26 425 79
319 53 425 106
319 79 425 133
319 106 425 159
319 133 425 186
319 159 425 212
319 186 425 239
319 212 425 266
319 239 425 292
319 266 425 319
319 292 425 345
319 319 425 372
319 345 425 399
345 0 452 53
345 26 452 79
345 53 452 106
345 79 452 133
345 106 452 159
345 133 452 186
345 159 452 212
345 186 452 239
345 212 452 266
345 239 452 292
345 266 452 319
345 292 452 345
345 319 452 372
345 345 452 399
372 0 478 53
372 26 478 79
372 53 478 106
372 79 478 133
372 106 478 159
372 133 478 186
372 159 478 212
372 186 478 239
372 212 478 266
372 239 478 292
372 266 478 319
372 292 478 345
372 319 478 372
372 345 478 399
399 0 505 53
399 26 505 79
399 53 505 106
399 79 505 133
399 106 505 159
399 133 505 186
399 159 505 212
399 186 505 239
399 212 505 266
399 239 505 292
399 266 505 319
399 292 505 345
399 319 505 372
399 345 505 399
425 0 532 53
425 26 532 79
425 53 532 106
425 79 532 133
425 106 532 159
425 133 532 186
425 159 532 212
425 186 532 239
425 212 532 266
425 239 532 292
425 266 532 319
425 292 532 345
425 319 532 372
425 345 532 399
452 0 558 53
452 26 558 79
452 53 558 106
452 79 558 133
452 106 558 159
452 133 558 186
452 159 558 212
452 186 558 239
452 212 558 266
452 239 558 292
452 266 558 319
452 292 558 345
452 319 558 372
452 345 558 399
478 0 585 53
478 26 585 79
478 53 585 106
478 79 585 133
478 106 585 159
478 133 585 186
478 159 585 212
478 186 585 239
478 212 585 266
478 239 585 292
478 266 585 319
478 292 585 345
478 319 585 372
478 345 585 399
505 0 611 53
505 26 611 79
505 53 611 106
505 79 611 133
505 106 611 159
505 133 611 186
505 159 611 212
505 186 611 239
505 212 611 266
505 239 611 292
505 266 611 319
505 292 611 345
505 319 611 372
505 345 611 399
0 0 53 106
0 26 53 133
0 53 53 159
0 79 53 186
0 106 53 212
0 133 53 239
0 159 53 266
0 186 53 292
0 212 53 319
0 239 53 345
0 266 53 372
0 292 53 399
26 0 79 106
26 26 79 133
26 53 79 159
26 79 79 186
26 106 79 212
26 133 79 239
26 159 79 266
26 186 79 292
26 212 79 319
26 239 79 345
26 266 79 372
26 292 79 399
53 0 106 106
53 26 106 133
53 53 106 159
53 79 106 186
53 106 106 212
53 133 106 239
53 159 106 266
53 186 106 292
53 212 106 319
53 239 106 345
53 266 106 372
53 292 106 399
79 0 133 106
79 26 133 133
79 53 133 159
79 79 133 186
79 106 133 212
79 133 133 239
79 159 133 266
79 186 133 292
79 212 133 319
79 239 133 345
79 266 133 372
79 292 133 399
106 0 159 106
106 26 159 133
106 53 159 159
106 79 159 186
106 106 159 212
106 133 159 239
106 159 159 266
106 186 159 292
106 212 159 319
106 239 159 345
106 266 159 372
106 292 159 399
133 0 186 106
133 26 186 133
133 53 186 159
133 79 186 186
133 106 186 212
133 133 186 239
133 159 186 266
133 186 186 292
133 212 186 319
133 239 186 345
133 266 186 372
133 292 186 399
159 0 212 106
159 26 212 133
159 53 212 159
159 79 212 186
159 106 212 212
159 133 212 239
159 159 212 266
159 186 212 292
159 212 212 319
159 239 212 345
159 266 212 372
159 292 212 399
186 0 239 106
186 26 239 133
186 53 239 159
186 79 239 186
186 106 239 212
186 133 239 239
186 159 239 266
186 186 239 292
186 212 239 319
186 239 239 345
186 266 239 372
186 292 239 399
212 0 266 106
212 26 266 133
212 53 266 159
212 79 266 186
212 106 266 212
212 133 266 239
212 159 266 266
212 186 266 292
212 212 266 319
212 239 266 345
212 266 266 372
212 292 266 399
239 0 292 106
239 26 292 133
239 53 292 159
239 79 292 186
239 106 292 212
239 133 292 239
239 159 292 266
239 186 292 292
239 212 292 319
239 239 292 345
239 266 292 372
239 292 292 399
266 0 319 106
266 26 319 133
266 53 319 159
266 79 319 186
266 106 319 212
266 133 319 239
266 159 319 266
266 186 319 292
266 212 319 319
266 239 319 345
266 266 319 372
266 292 319 399
292 0 345 106
292 26 345 133
292 53 345 159
292 79 345 186
292 106 345 212
292 133 345 239
292 159 345 266
292 186 345 292
292 212 345 319
292 239 345 345
292 266 345 372
292 292 345 399
319 0 372 106
319 26 372 133
319 53 372 159
319 79 372 186
319 106 372 212
319 133 372 239
319 159 372 266
319 186 372 292
319 212 372 319
319 239 372 345
319 266 372 372
319 292 372 399
345 0 399 106
345 26 399 133
345 53 399 159
345 79 399 186
345 106 399 212
345 133 399 239
345 159 399 266
345 186 399 292
345 212 399 319
345 239 399 345
345 266 399 372
345 292 399 399
372 0 425 106
372 26 425 133
372 53 425 159
372 79 425 186
372 106 425 212
372 133 425 239
372 159 425 266
372 186 425 292
372 212 425 319
372 239 425 345
372 266 425 372
372 292 425 399
399 0 452 106
399 26 452 133
399 53 452 159
399 79 452 186
399 106 452 212
399 133 452 239
399 159 452 266
399 186 452 292
399 212 452 319
399 239 452 345
399 266 452 372
399 292 452 399
425 0 478 106
425 26 478 133
425 53 478 159
425 79 478 186
425 106 478 212
425 133 478 239
425 159 478 266
425 186 478 292
425 212 478 319
425 239 478 345
425 266 478 372
425 292 478 399
452 0 505 106
452 26 505 133
452 53 505 159
452 79 505 186
452 106 505 212
452 133 505 239
452 159 505 266
452 186 505 292
452 212 505 319
452 239 505 345
452 266 505 372
452 292 505 399
478 0 532 106
478 26 532 133
478 53 532 159
478 79 532 186
478 106 532 212
478 133 532 239
478 159 532 266
478 186 532 292
478 212 532 319
478 239 532 345
478 266 532 372
478 292 532 399
505 0 558 106
505 26 558 133
505 53 558 159
505 79 558 186
505 106 558 212
505 133 558 239
505 159 558 266
505 186 558 292
505 212 558 319
505 239 558 345
505 266 558 372
505 292 558 399
532 0 585 106
532 26 585 133
532 53 585 159
532 79 585 186
532 106 585 212
532 133 585 239
532 159 585 266
532 186 585 292
532 212 585 319
532 239 585 345
532 266 585 372
532 292 585 399
558 0 611 106
558 26 611 133
558 53 611 159
558 79 611 186
558 106 611 212
558 133 611 239
558 159 611 266
558 186 611 292
558 212 611 319
558 239 611 345
558 266 611 372
558 292 611 399
0 0 53 26
0 13 53 39
0 26 53 53
0 39 53 66
0 53 53 79
0 66 53 93
0 79 53 106
0 93 53 119
0 106 53 133
0 119 53 146
0 133 53 159
0 146 53 172
0 159 53 186
0 172 53 199
0 186 53 212
0 199 53 226
0 212 53 239
0 226 53 252
0 239 53 266
0 252 53 279
0 266 53 292
0 279 53 305
0 292 53 319
0 305 53 332
0 319 53 345
0 332 53 359
0 345 53 372
0 359 53 385
0 372 53 399
0 385 53 412
13 0 66 26
13 13 66 39
13 26 66 53
13 39 66 66
13 53 66 79
13 66 66 93
13 79 66 106
13 93 66 119
13 106 66 133
13 119 66 146
13 133 66 159
13 146 66 172
13 159 66 186
13 172 66 199
13 186 66 212
13 199 66 226
13 212 66 239
13 226 66 252
13 239 66 266
13 252 66 279
13 266 66 292
13 279 66 305
13 292 66 319
13 305 66 332
13 319 66 345
13 332 66 359
13 345 66 372
13 359 66 385
13 372 66 399
13 385 66 412
26 0 79 26
26 13 79 39
26 26 79 53
26 39 79 66
26 53 79 79
26 66 79 93
26 79 79 106
26 93 79 119
26 106 79 133
26 119 79 146
26 133 79 159
26 146 79 172
26 159 79 186
26 172 79 199
26 186 79 212
26 199 79 226
26 212 79 239
26 226 79 252
26 239 79 266
26 252 79 279
26 266 79 292
26 279 79 305
26 292 79 319
26 305 79 332
26 319 79 345
26 332 79 359
26 345 79 372
26 359 79 385
26 372 79 399
26 385 79 412
39 0 93 26
39 13 93 39
39 26 93 53
39 39 93 66
39 53 93 79
39 66 93 93
39 79 93 106
39 93 93 119
39 106 93 133
39 119 93 146
39 133 93 159
39 146 93 172
39 159 93 186
39 172 93 199
39 186 93 212
39 199 93 226
39 212 93 239
39 226 93 252
39 239 93 266
39 252 93 279
39 266 93 292
39 279 93 305
39 292 93 319
39 305 93 332
39 319 93 345
39 332 93 359
39 345 93 372
39 359 93 385
39 372 93 399
39 385 93 412
53 0 106 26
53 13 106 39
53 26 106 53
53 39 106 66
53 53 106 79
53 66 106 93
53 79 106 106
53 93 106 119
53 106 106 133
53 119 106 146
53 133 106 159
53 146 106 172
53 159 106 186
53 172 106 199
53 186 106 212
53 199 106 226
53 212 106 239
53 226 106 252
53 239 106 266
53 252 106 279
53 266 106 292
53 279 106 305
53 292 106 319
53 305 106 332
53 319 106 345
53 332 106 359
53 345 106 372
53 359 106 385
53 372 106 399
53 385 106 412
66 0 119 26
66 13 119 39
66 26 119 53
66 39 119 66
66 53 119 79
66 66 119 93
66 79 119 106
66 93 119 119
66 106 119 133
66 119 119 146
66 133 119 159
66 146 119 172
66 159 119 186
66 172 119 199
66 186 119 212
66 199 119 226
66 212 119 239
66 226 119 252
66 239 119 266
66 252 119 279
66 266 119 292
66 279 119 305
66 292 119 319
66 305 119 332
66 319 119 345
66 332 119 359
66 345 119 372
66 359 119 385
66 372 119 399
66 385 119 412
79 0 133 26
79 13 133 39
79 26 133 53
79 39 133 66
79 53 133 79
79 66 133 93
79 79 133 106
79 93 133 119
79 106 133 133
79 119 133 146
79 133 133 159
79 146 133 172
79 159 133 186
79 172 133 199
79 186 133 212
79 199 133 226
79 212 133 239
79 226 133 252
79 239 133 266
79 252 133 279
79 266 133 292
79 279 133 305
79 292 133 319
79 305 133 332
79 319 133 345
79 332 133 359
79 345 133 372
79 359 133 385
79 372 133 399
79 385 133 412
93 0 146 26
93 13 146 39
93 26 146 53
93 39 146 66
93 53 146 79
93 66 146 93
93 79 146 106
93 93 146 119
93 106 146 133
93 119 146 146
93 133 146 159
93 146 146 172
93 159 146 186
93 172 146 199
93 186 146 212
93 199 146 226
93 212 146 239
93 226 146 252
93 239 146 266
93 252 146 279
93 266 146 292
93 279 146 305
93 292 146 319
93 305 146 332
93 319 146 345
93 332 146 359
93 345 146 372
93 359 146 385
93 372 146 399
93 385 146 412
106 0 159 26
106 13 159 39
106 26 159 53
106 39 159 66
106 53 159 79
106 66 159 93
106 79 159 106
106 93 159 119
106 106 159 133
106 119 159 146
106 133 159 159
106 146 159 172
106 159 159 186
106 172 159 199
106 186 159 212
106 199 159 226
106 212 159 239
106 226 159 252
106 239 159 266
106 252 159 279
106 266 159 292
106 279 159 305
106 292 159 319
106 305 159 332
106 319 159 345
106 332 159 359
106 345 159 372
106 359 159 385
106 372 159 399
106 385 159 412
119 0 172 26
119 13 172 39
119 26 172 53
119 39 172 66
119 53 172 79
119 66 172 93
119 79 172 106
119 93 172 119
119 106 172 133
119 119 172 146
119 133 172 159
119 146 172 172
119 159 172 186
119 172 172 199
119 186 172 212
119 199 172 226
119 212 172 239
119 226 172 252
119 239 172 266
119 252 172 279
119 266 172 292
119 279 172 305
119 292 172 319
119 305 172 332
119 319 172 345
119 332 172 359
119 345 172 372
119 359 172 385
119 372 172 399
119 385 172 412
133 0 186 26
133 13 186 39
133 26 186 53
133 39 186 66
133 53 186 79
133 66 186 93
133 79 186 106
133 93 186 119
133 106 186 133
133 119 186 146
133 133 186 159
133 146 186 172
133 159 186 186
133 172 186 199
133 186 186 212
133 199 186 226
133 212 186 239
133 226 186 252
133 239 186 266
133 252 186 279
133 266 186 292
133 279 186 305
133 292 186 319
133 305 186 332
133 319 186 345
133 332 186 359
133 345 186 372
133 359 186 385
133 372 186 399
133 385 186 412
146 0 199 26
146 13 199 39
146 26 199 53
146 39 199 66
146 53 199 79
146 66 199 93
146 79 199 106
146 93 199 119
146 106 199 133
146 119 199 146
146 133 199 159
146 146 199 172
146 159 199 186
146 172 199 199
146 186 199 212
146 199 199 226
146 212 199 239
146 226 199 252
146 239 199 266
146 252 199 279
146 266 199 292
146 279 199 305
146 292 199 319
146 305 199 332
146 319 199 345
146 332 199 359
146 345 199 372
146 359 199 385
146 372 199 399
146 385 199 412
159 0 212 26
159 13 212 39
159 26 212 53
159 39 212 66
159 53 212 79
159 66 212 93
159 79 212 106
159 93 212 119
159 106 212 133
159 119 212 146
159 133 212 159
159 146 212 172
159 159 212 186
159 172 212 199
159 186 212 212
159 199 212 226
159 212 212 239
159 226 212 252
159 239 212 266
159 252 212 279
159 266 212 292
159 279 212 305
159 292 212 319
159 305 212 332
159 319 212 345
159 332 212 359
159 345 212 372
159 359 212 385
159 372 212 399
159 385 212 412
172 0 226 26
172 13 226 39
172 26 226 53
172 39 226 66
172 53 226 79
172 66 226 93
172 79 226 106
172 93 226 119
172 106 226 133
172 119 226 146
172 133 226 159
172 146 226 172
172 159 226 186
172 172 226 199
172 186 226 212
172 199 226 226
172 212 226 239
172 226 226 252
172 239 226 266
172 252 226 279
172 266 226 292
172 279 226 305
172 292 226 319
172 305 226 332
172 319 226 345
172 332 226 359
172 345 226 372
172 359 226 385
172 372 226 399
172 385 226 412
186 0 239 26
186 13 239 39
186 26 239 53
186 39 239 66
186 53 239 79
186 66 239 93
186 79 239 106
186 93 239 119
186 106 239 133
186 119 239 146
186 133 239 159
186 146 239 172
186 159 239 186
186 172 239 199
186 186 239 212
186 199 239 226
186 212 239 239
186 226 239 252
186 239 239 266
186 252 239 279
186 266 239 292
186 279 239 305
186 292 239 319
186 305 239 332
186 319 239 345
186 332 239 359
186 345 239 372
186 359 239 385
186 372 239 399
186 385 239 412
199 0 252 26
199 13 252 39
199 26 252 53
199 39 252 66
199 53 252 79
199 66 252 93
199 79 252 106
199 93 252 119
199 106 252 133
199 119 252 146
199 133 252 159
199 146 252 172
199 159 252 186
199 172 252 199
199 186 252 212
199 199 252 226
199 212 252 239
199 226 252 252
199 239 252 266
199 252 252 279
199 266 252 292
199 279 252 305
199 292 252 319
199 305 252 332
199 319 252 345
199 332 252 359
199 345 252 372
199 359 252 385
199 372 252 399
199 385 252 412
212 0 266 26
212 13 266 39
212 26 266 53
212 39 266 66
212 53 266 79
212 66 266 93
212 79 266 106
212 93 266 119
212 106 266 133
212 119 266 146
212 133 266 159
212 146 266 172
212 159 266 186
212 172 266 199
212 186 266 212
212 199 266 226
212 212 266 239
212 226 266 252
212 239 266 266
212 252 266 279
212 266 266 292
212 279 266 305
212 292 266 319
212 305 266 332
212 319 266 345
212 332 266 359
212 345 266 372
212 359 266 385
212 372 266 399
212 385 266 412
226 0 279 26
226 13 279 39
226 26 279 53
226 39 279 66
226 53 279 79
226 66 279 93
226 79 279 106
226 93 279 119
226 106 279 133
226 119 279 146
226 133 279 159
226 146 279 172
226 159 279 186
226 172 279 199
226 186 279 212
226 199 279 226
226 212 279 239
226 226 279 252
226 239 279 266
226 252 279 279
226 266 279 292
226 279 279 305
226 292 279 319
226 305 279 332
226 319 279 345
226 332 279 359
226 345 279 372
226 359 279 385
226 372 279 399
226 385 279 412
239 0 292 26
239 13 292 39
239 26 292 53
239 39 292 66
239 53 292 79
239 66 292 93
239 79 292 106
239 93 292 119
239 106 292 133
239 119 292 146
239 133 292 159
239 146 292 172
239 159 292 186
239 172 292 199
239 186 292 212
239 199 292 226
239 212 292 239
239 226 292 252
239 239 292 266
239 252 292 279
239 266 292 292
239 279 292 305
239 292 292 319
239 305 292 332
239 319 292 345
239 332 292 359
239 345 292 372
239 359 292 385
239 372 292 399
239 385 292 412
252 0 305 26
252 13 305 39
252 26 305 53
252 39 305 66
252 53 305 79
252 66 305 93
252 79 305 106
252 93 305 119
252 106 305 133
252 119 305 146
252 133 305 159
252 146 305 172
252 159 305 186
252 172 305 199
252 186 305 212
252 199 305 226
252 212 305 239
252 226 305 252
252 239 305 266
252 252 305 279
252 266 305 292
252 279 305 305
252 292 305 319
252 305 305 332
252 319 305 345
252 332 305 359
252 345 305 372
252 359 305 385
252 372 305 399
252 385 305 412
266 0 319 26
266 13 319 39
266 26 319 53
266 39 319 66
266 53 319 79
266 66 319 93
266 79 319 106
266 93 319 119
266 106 319 133
266 119 319 146
266 133 319 159
266 146 319 172
266 159 319 186
266 172 319 199
266 186 319 212
266 199 319 226
266 212 319 239
266 226 319 252
266 239 319 266
266 252 319 279
266 266 319 292
266 279 319 305
266 292 319 319
266 305 319 332
266 319 319 345
266 332 319 359
266 345 319 372
266 359 319 385
266 372 319 399
266 385 319 412
279 0 332 26
279 13 332 39
279 26 332 53
279 39 332 66
279 53 332 79
279 66 332 93
279 79 332 106
279 93 332 119
279 106 332 133
279 119 332 146
279 133 332 159
279 146 332 172
279 159 332 186
279 172 332 199
279 186 332 212
279 199 332 226
279 212 332 239
279 226 332 252
279 239 332 266
279 252 332 279
279 266 332 292
279 279 332 305
279 292 332 319
279 305 332 332
279 319 332 345
279 332 332 359
279 345 332 372
279 359 332 385
279 372 332 399
279 385 332 412
292 0 345 26
292 13 345 39
292 26 345 53
292 39 345 66
292 53 345 79
292 66 345 93
292 79 345 106
292 93 345 119
292 106 345 133
292 119 345 146
292 133 345 159
292 146 345 172
292 159 345 186
292 172 345 199
292 186 345 212
292 199 345 226
292 212 345 239
292 226 345 252
292 239 345 266
292 252 345 279
292 266 345 292
292 279 345 305
292 292 345 319
292 305 345 332
292 319 345 345
292 332 345 359
292 345 345 372
292 359 345 385
292 372 345 399
292 385 345 412
305 0 359 26
305 13 359 39
305 26 359 53
305 39 359 66
305 53 359 79
305 66 359 93
305 79 359 106
305 93 359 119
305 106 359 133
305 119 359 146
305 133 359 159
305 146 359 172
305 159 359 186
305 172 359 199
305 186 359 212
305 199 359 226
305 212 359 239
305 226 359 252
305 239 359 266
305 252 359 279
305 266 359 292
305 279 359 305
305 292 359 319
305 305 359 332
305 319 359 345
305 332 359 359
305 345 359 372
305 359 359 385
305 372 359 399
305 385 359 412
319 0 372 26
319 13 372 39
319 26 372 53
319 39 372 66
319 53 372 79
319 66 372 93
319 79 372 106
319 93 372 119
319 106 372 133
319 119 372 146
319 133 372 159
319 146 372 172
319 159 372 186
319 172 372 199
319 186 372 212
319 199 372 226
319 212 372 239
319 226 372 252
319 239 372 266
319 252 372 279
319 266 372 292
319 279 372 305
319 292 372 319
319 305 372 332
319 319 372 345
319 332 372 359
319 345 372 372
319 359 372 385
319 372 372 399
319 385 372 412
332 0 385 26
332 13 385 39
332 26 385 53
332 39 385 66
332 53 385 79
332 66 385 93
332 79 385 106
332 93 385 119
332 106 385 133
332 119 385 146
332 133 385 159
332 146 385 172
332 159 385 186
332 172 385 199
332 186 385 212
332 199 385 226
332 212 385 239
332 226 385 252
332 239 385 266
332 252 385 279
332 266 385 292
332 279 385 305
332 292 385 319
332 305 385 332
332 319 385 345
332 332 385 359
332 345 385 372
332 359 385 385
332 372 385 399
332 385 385 412
345 0 399 26
345 13 399 39
345 26 399 53
345 39 399 66
345 53 399 79
345 66 399 93
345 79 399 106
345 93 399 119
345 106 399 133
345 119 399 146
345 133 399 159
345 146 399 172
345 159 399 186
345 172 399 199
345 186 399 212
345 199 399 226
345 212 399 239
345 226 399 252
345 239 399 266
345 252 399 279
345 266 399 292
345 279 399 305
345 292 399 319
345 305 399 332
345 319 399 345
345 332 399 359
345 345 399 372
345 359 399 385
345 372 399 399
345 385 399 412
359 0 412 26
359 13 412 39
359 26 412 53
359 39 412 66
359 53 412 79
359 66 412 93
359 79 412 106
359 93 412 119
359 106 412 133
359 119 412 146
359 133 412 159
359 146 412 172
359 159 412 186
359 172 412 199
359 186 412 212
359 199 412 226
359 212 412 239
359 226 412 252
359 239 412 266
359 252 412 279
359 266 412 292
359 279 412 305
359 292 412 319
359 305 412 332
359 319 412 345
359 332 412 359
359 345 412 372
359 359 412 385
359 372 412 399
359 385 412 412
372 0 425 26
372 13 425 39
372 26 425 53
372 39 425 66
372 53 425 79
372 66 425 93
372 79 425 106
372 93 425 119
372 106 425 133
372 119 425 146
372 133 425 159
372 146 425 172
372 159 425 186
372 172 425 199
372 186 425 212
372 199 425 226
372 212 425 239
372 226 425 252
372 239 425 266
372 252 425 279
372 266 425 292
372 279 425 305
372 292 425 319
372 305 425 332
372 319 425 345
372 332 425 359
372 345 425 372
372 359 425 385
372 372 425 399
372 385 425 412
385 0 438 26
385 13 438 39
385 26 438 53
385 39 438 66
385 53 438 79
385 66 438 93
385 79 438 106
385 93 438 119
385 106 438 133
385 119 438 146
385 133 438 159
385 146 438 172
385 159 438 186
385 172 438 199
385 186 438 212
385 199 438 226
385 212 438 239
385 226 438 252
385 239 438 266
385 252 438 279
385 266 438 292
385 279 438 305
385 292 438 319
385 305 438 332
385 319 438 345
385 332 438 359
385 345 438 372
385 359 438 385
385 372 438 399
385 385 438 412
399 0 452 26
399 13 452 39
399 26 452 53
399 39 452 66
399 53 452 79
399 66 452 93
399 79 452 106
399 93 452 119
399 106 452 133
399 119 452 146
399 133 452 159
399 146 452 172
399 159 452 186
399 172 452 199
399 186 452 212
399 199 452 226
399 212 452 239
399 226 452 252
399 239 452 266
399 252 452 279
399 266 452 292
399 279 452 305
399 292 452 319
399 305 452 332
399 319 452 345
399 332 452 359
399 345 452 372
399 359 452 385
399 372 452 399
399 385 452 412
412 0 465 26
412 13 465 39
412 26 465 53
412 39 465 66
412 53 465 79
412 66 465 93
412 79 465 106
412 93 465 119
412 106 465 133
412 119 465 146
412 133 465 159
412 146 465 172
412 159 465 186
412 172 465 199
412 186 465 212
412 199 465 226
412 212 465 239
412 226 465 252
412 239 465 266
412 252 465 279
412 266 465 292
412 279 465 305
412 292 465 319
412 305 465 332
412 319 465 345
412 332 465 359
412 345 465 372
412 359 465 385
412 372 465 399
412 385 465 412
425 0 478 26
425 13 478 39
425 26 478 53
425 39 478 66
425 53 478 79
425 66 478 93
425 79 478 106
425 93 478 119
425 106 478 133
425 119 478 146
425 133 478 159
425 146 478 172
425 159 478 186
425 172 478 199
425 186 478 212
425 199 478 226
425 212 478 239
425 226 478 252
425 239 478 266
425 252 478 279
425 266 478 292
425 279 478 305
425 292 478 319
425 305 478 332
425 319 478 345
425 332 478 359
425 345 478 372
425 359 478 385
425 372 478 399
425 385 478 412
438 0 492 26
438 13 492 39
438 26 492 53
438 39 492 66
438 53 492 79
438 66 492 93
438 79 492 106
438 93 492 119
438 106 492 133
438 119 492 146
438 133 492 159
438 146 492 172
438 159 492 186
438 172 492 199
438 186 492 212
438 199 492 226
438 212 492 239
438 226 492 252
438 239 492 266
438 252 492 279
438 266 492 292
438 279 492 305
438 292 492 319
438 305 492 332
438 319 492 345
438 332 492 359
438 345 492 372
438 359 492 385
438 372 492 399
438 385 492 412
452 0 505 26
452 13 505 39
452 26 505 53
452 39 505 66
452 53 505 79
452 66 505 93
452 79 505 106
452 93 505 119
452 106 505 133
452 119 505 146
452 133 505 159
452 146 505 172
452 159 505 186
452 172 505 199
452 186 505 212
452 199 505 226
452 212 505 239
452 226 505 252
452 239 505 266
452 252 505 279
452 266 505 292
452 279 505 305
452 292 505 319
452 305 505 332
452 319 505 345
452 332 505 359
452 345 505 372
452 359 505 385
452 372 505 399
452 385 505 412
465 0 518 26
465 13 518 39
465 26 518 53
465 39 518 66
465 53 518 79
465 66 518 93
465 79 518 106
465 93 518 119
465 106 518 133
465 119 518 146
465 133 518 159
465 146 518 172
465 159 518 186
465 172 518 199
465 186 518 212
465 199 518 226
465 212 518 239
465 226 518 252
465 239 518 266
465 252 518 279
465 266 518 292
465 279 518 305
465 292 518 319
465 305 518 332
465 319 518 345
465 332 518 359
465 345 518 372
465 359 518 385
465 372 518 399
465 385 518 412
478 0 532 26
478 13 532 39
478 26 532 53
478 39 532 66
478 53 532 79
478 66 532 93
478 79 532 106
478 93 532 119
478 106 532 133
478 119 532 146
478 133 532 159
478 146 532 172
478 159 532 186
478 172 532 199
478 186 532 212
478 199 532 226
478 212 532 239
478 226 532 252
478 239 532 266
478 252 532 279
478 266 532 292
478 279 532 305
478 292 532 319
478 305 532 332
478 319 532 345
478 332 532 359
478 345 532 372
478 359 532 385
478 372 532 399
478 385 532 412
492 0 545 26
492 13 545 39
492 26 545 53
492 39 545 66
492 53 545 79
492 66 545 93
492 79 545 106
492 93 545 119
492 106 545 133
492 119 545 146
492 133 545 159
492 146 545 172
492 159 545 186
492 172 545 199
492 186 545 212
492 199 545 226
492 212 545 239
492 226 545 252
492 239 545 266
492 252 545 279
492 266 545 292
492 279 545 305
492 292 545 319
492 305 545 332
492 319 545 345
492 332 545 359
492 345 545 372
492 359 545 385
492 372 545 399
492 385 545 412
505 0 558 26
505 13 558 39
505 26 558 53
505 39 558 66
505 53 558 79
505 66 558 93
505 79 558 106
505 93 558 119
505 106 558 133
505 119 558 146
505 133 558 159
505 146 558 172
505 159 558 186
505 172 558 199
505 186 558 212
505 199 558 226
505 212 558 239
505 226 558 252
505 239 558 266
505 252 558 279
505 266 558 292
505 279 558 305
505 292 558 319
505 305 558 332
505 319 558 345
505 332 558 359
505 345 558 372
505 359 558 385
505 372 558 399
505 385 558 412
518 0 571 26
518 13 571 39
518 26 571 53
518 39 571 66
518 53 571 79
518 66 571 93
518 79 571 106
518 93 571 119
518 106 571 133
518 119 571 146
518 133 571 159
518 146 571 172
518 159 571 186
518 172 571 199
518 186 571 212
518 199 571 226
518 212 571 239
518 226 571 252
518 239 571 266
518 252 571 279
518 266 571 292
518 279 571 305
518 292 571 319
518 305 571 332
518 319 571 345
518 332 571 359
518 345 571 372
518 359 571 385
518 372 571 399
518 385 571 412
532 0 585 26
532 13 585 39
532 26 585 53
532 39 585 66
532 53 585 79
532 66 585 93
532 79 585 106
532 93 585 119
532 106 585 133
532 119 585 146
532 133 585 159
532 146 585 172
532 159 585 186
532 172 585 199
532 186 585 212
532 199 585 226
532 212 585 239
532 226 585 252
532 239 585 266
532 252 585 279
532 266 585 292
532 279 585 305
532 292 585 319
532 305 585 332
532 319 585 345
532 332 585 359
532 345 585 372
532 359 585 385
532 372 585 399
532 385 585 412
545 0 598 26
545 13 598 39
545 26 598 53
545 39 598 66
545 53 598 79
545 66 598 93
545 79 598 106
545 93 598 119
545 106 598 133
545 119 598 146
545 133 598 159
545 146 598 172
545 159 598 186
545 172 598 199
545 186 598 212
545 199 598 226
545 212 598 239
545 226 598 252
545 239 598 266
545 252 598 279
545 266 598 292
545 279 598 305
545 292 598 319
545 305 598 332
545 319 598 345
545 332 598 359
545 345 598 372
545 359 598 385
545 372 598 399
545 385 598 412
558 0 611 26
558 13 611 39
558 26 611 53
558 39 611 66
558 53 611 79
558 66 611 93
558 79 611 106
558 93 611 119
558 106 611 133
558 119 611 146
558 133 611 159
558 146 611 172
558 159 611 186
558 172 611 199
558 186 611 212
558 199 611 226
558 212 611 239
558 226 611 252
558 239 611 266
558 252 611 279
558 266 611 292
558 279 611 305
558 292 611 319
558 305 611 332
558 319 611 345
558 332 611 359
558 345 611 372
558 359 611 385
558 372 611 399
558 385 611 412
571 0 625 26
571 13 625 39
571 26 625 53
571 39 625 66
571 53 625 79
571 66 625 93
571 79 625 106
571 93 625 119
571 106 625 133
571 119 625 146
571 133 625 159
571 146 625 172
571 159 625 186
571 172 625 199
571 186 625 212
571 199 625 226
571 212 625 239
571 226 625 252
571 239 625 266
571 252 625 279
571 266 625 292
571 279 625 305
571 292 625 319
571 305 625 332
571 319 625 345
571 332 625 359
571 345 625 372
571 359 625 385
571 372 625 399
571 385 625 412
0 0 26 53
0 13 26 66
0 26 26 79
0 39 26 93
0 53 26 106
0 66 26 119
0 79 26 133
0 93 26 146
0 106 26 159
0 119 26 172
0 133 26 186
0 146 26 199
0 159 26 212
0 172 26 226
0 186 26 239
0 199 26 252
0 212 26 266
0 226 26 279
0 239 26 292
0 252 26 305
0 266 26 319
0 279 26 332
0 292 26 345
0 305 26 359
0 319 26 372
0 332 26 385
0 345 26 399
0 359 26 412
13 0 39 53
13 13 39 66
13 26 39 79
13 39 39 93
13 53 39 106
13 66 39 119
13 79 39 133
13 93 39 146
13 106 39 159
13 119 39 172
13 133 39 186
13 146 39 199
13 159 39 212
13 172 39 226
13 186 39 239
13 199 39 252
13 212 39 266
13 226 39 279
13 239 39 292
13 252 39 305
13 266 39 319
13 279 39 332
13 292 39 345
13 305 39 359
13 319 39 372
13 332 39 385
13 345 39 399
13 359 39 412
26 0 53 53
26 13 53 66
26 26 53 79
26 39 53 93
26 53 53 106
26 66 53 119
26 79 53 133
26 93 53 146
26 106 53 159
26 119 53 172
26 133 53 186
26 146 53 199
26 159 53 212
26 172 53 226
26 186 53 239
26 199 53 252
26 212 53 266
26 226 53 279
26 239 53 292
26 252 53 305
26 266 53 319
26 279 53 332
26 292 53 345
26 305 53 359
26 319 53 372
26 332 53 385
26 345 53 399
26 359 53 412
39 0 66 53
39 13 66 66
39 26 66 79
39 39 66 93
39 53 66 106
39 66 66 119
39 79 66 133
39 93 66 146
39 106 66 159
39 119 66 172
39 133 66 186
39 146 66 199
39 159 66 212
39 172 66 226
39 186 66 239
39 199 66 252
39 212 66 266
39 226 66 279
39 239 66 292
39 252 66 305
39 266 66 319
39 279 66 332
39 292 66 345
39 305 66 359
39 319 66 372
39 332 66 385
39 345 66 399
39 359 66 412
53 0 79 53
53 13 79 66
53 26 79 79
53 39 79 93
53 53 79 106
53 66 79 119
53 79 79 133
53 93 79 146
53 106 79 159
53 119 79 172
53 133 79 186
53 146 79 199
53 159 79 212
53 172 79 226
53 186 79 239
53 199 79 252
53 212 79 266
53 226 79 279
53 239 79 292
53 252 79 305
53 266 79 319
53 279 79 332
53 292 79 345
53 305 79 359
53 319 79 372
53 332 79 385
53 345 79 399
53 359 79 412
66 0 93 53
66 13 93 66
66 26 93 79
66 39 93 93
66 53 93 106
66 66 93 119
66 79 93 133
66 93 93 146
66 106 93 159
66 119 93 172
66 133 93 186
66 146 93 199
66 159 93 212
66 172 93 226
66 186 93 239
66 199 93 252
66 212 93 266
66 226 93 279
66 239 93 292
66 252 93 305
66 266 93 319
66 279 93 332
66 292 93 345
66 305 93 359
66 319 93 372
66 332 93 385
66 345 93 399
66 359 93 412
79 0 106 53
79 13 106 66
79 26 106 79
79 39 106 93
79 53 106 106
79 66 106 119
79 79 106 133
79 93 106 146
79 106 106 159
79 119 106 172
79 133 106 186
79 146 106 199
79 159 106 212
79 172 106 226
79 186 106 239
79 199 106 252
79 212 106 266
79 226 106 279
79 239 106 292
79 252 106 305
79 266 106 319
79 279 106 332
79 292 106 345
79 305 106 359
79 319 106 372
79 332 106 385
79 345 106 399
79 359 106 412
93 0 119 53
93 13 119 66
93 26 119 79
93 39 119 93
93 53 119 106
93 66 119 119
93 79 119 133
93 93 119 146
93 106 119 159
93 119 119 172
93 133 119 186
93 146 119 199
93 159 119 212
93 172 119 226
93 186 119 239
93 199 119 252
93 212 119 266
93 226 119 279
93 239 119 292
93 252 119 305
93 266 119 319
93 279 119 332
93 292 119 345
93 305 119 359
93 319 119 372
93 332 119 385
93 345 119 399
93 359 119 412
106 0 133 53
106 13 133 66
106 26 133 79
106 39 133 93
106 53 133 106
106 66 133 119
106 79 133 133
106 93 133 146
106 106 133 159
106 119 133 172
106 133 133 186
106 146 133 199
106 159 133 212
106 172 133 226
106 186 133 239
106 199 133 252
106 212 133 266
106 226 133 279
106 239 133 292
106 252 133 305
106 266 133 319
106 279 133 332
106 292 133 345
106 305 133 359
106 319 133 372
106 332 133 385
106 345 133 399
106 359 133 412
119 0 146 53
119 13 146 66
119 26 146 79
119 39 146 93
119 53 146 106
119 66 146 119
119 79 146 133
119 93 146 146
119 106 146 159
119 119 146 172
119 133 146 186
119 146 146 199
119 159 146 212
119 172 146 226
119 186 146 239
119 199 146 252
119 212 146 266
119 226 146 279
119 239 146 292
119 252 146 305
119 266 146 319
119 279 146 332
119 292 146 345
119 305 146 359
119 319 146 372
119 332 146 385
119 345 146 399
119 359 146 412
133 0 159 53
133 13 159 66
133 26 159 79
133 39 159 93
133 53 159 106
133 66 159 119
133 79 159 133
133 93 159 146
133 106 159 159
133 119 159 172
133 133 159 186
133 146 159 199
133 159 159 212
133 172 159 226
133 186 159 239
133 199 159 252
133 212 159 266
133 226 159 279
133 239 159 292
133 252 159 305
133 266 159 319
133 279 159 332
133 292 159 345
133 305 159 359
133 319 159 372
133 332 159 385
133 345 159 399
133 359 159 412
146 0 172 53
146 13 172 66
146 26 172 79
146 39 172 93
146 53 172 106
146 66 172 119
146 79 172 133
146 93 172 146
146 106 172 159
146 119 172 172
146 133 172 186
146 146 172 199
146 159 172 212
146 172 172 226
146 186 172 239
146 199 172 252
146 212 172 266
146 226 172 279
146 239 172 292
146 252 172 305
146 266 172 319
146 279 172 332
146 292 172 345
146 305 172 359
146 319 172 372
146 332 172 385
146 345 172 399
146 359 172 412
159 0 186 53
159 13 186 66
159 26 186 79
159 39 186 93
159 53 186 106
159 66 186 119
159 79 186 133
159 93 186 146
159 106 186 159
159 119 186 172
159 133 186 186
159 146 186 199
159 159 186 212
159 172 186 226
159 186 186 239
159 199 186 252
159 212 186 266
159 226 186 279
159 239 186 292
159 252 186 305
159 266 186 319
159 279 186 332
159 292 186 345
159 305 186 359
159 319 186 372
159 332 186 385
159 345 186 399
159 359 186 412
172 0 199 53
172 13 199 66
172 26 199 79
172 39 199 93
172 53 199 106
172 66 199 119
172 79 199 133
172 93 199 146
172 106 199 159
172 119 199 172
172 133 199 186
172 146 199 199
172 159 199 212
172 172 199 226
172 186 199 239
172 199 199 252
172 212 199 266
172 226 199 279
172 239 199 292
172 252 199 305
172 266 199 319
172 279 199 332
172 292 199 345
172 305 199 359
172 319 199 372
172 332 199 385
172 345 199 399
172 359 199 412
186 0 212 53
186 13 212 66
186 26 212 79
186 39 212 93
186 53 212 106
186 66 212 119
186 79 212 133
186 93 212 146
186 106 212 159
186 119 212 172
186 133 212 186
186 146 212 199
186 159 212 212
186 172 212 226
186 186 212 239
186 199 212 252
186 212 212 266
186 226 212 279
186 239 212 292
186 252 212 305
186 266 212 319
186 279 212 332
186 292 212 345
186 305 212 359
186 319 212 372
186 332 212 385
186 345 212 399
186 359 212 412
199 0 226 53
199 13 226 66
199 26 226 79
199 39 226 93
199 53 226 106
199 66 226 119
199 79 226 133
199 93 226 146
199 106 226 159
199 119 226 172
199 133 226 186
199 146 226 199
199 159 226 212
199 172 226 226
199 186 226 239
199 199 226 252
199 212 226 266
199 226 226 279
199 239 226 292
199 252 226 305
199 266 226 319
199 279 226 332
199 292 226 345
199 305 226 359
199 319 226 372
199 332 226 385
199 345 226 399
199 359 226 412
212 0 239 53
212 13 239 66
212 26 239 79
212 39 239 93
212 53 239 106
212 66 239 119
212 79 239 133
212 93 239 146
212 106 239 159
212 119 239 172
212 133 239 186
212 146 239 199
212 159 239 212
212 172 239 226
212 186 239 239
212 199 239 252
212 212 239 266
212 226 239 279
212 239 239 292
212 252 239 305
212 266 239 319
212 279 239 332
212 292 239 345
212 305 239 359
212 319 239 372
212 332 239 385
212 345 239 399
212 359 239 412
226 0 252 53
226 13 252 66
226 26 252 79
226 39 252 93
226 53 252 106
226 66 252 119
226 79 252 133
226 93 252 146
226 106 252 159
226 119 252 172
226 133 252 186
226 146 252 199
226 159 252 212
226 172 252 226
226 186 252 239
226 199 252 252
226 212 252 266
226 226 252 279
226 239 252 292
226 252 252 305
226 266 252 319
226 279 252 332
226 292 252 345
226 305 252 359
226 319 252 372
226 332 252 385
226 345 252 399
226 359 252 412
239 0 266 53
239 13 266 66
239 26 266 79
239 39 266 93
239 53 266 106
239 66 266 119
239 79 266 133
239 93 266 146
239 106 266 159
239 119 266 172
239 133 266 186
239 146 266 199
239 159 266 212
239 172 266 226
239 186 266 239
239 199 266 252
239 212 266 266
239 226 266 279
239 239 266 292
239 252 266 305
239 266 266 319
239 279 266 332
239 292 266 345
239 305 266 359
239 319 266 372
239 332 266 385
239 345 266 399
239 359 266 412
252 0 279 53
252 13 279 66
252 26 279 79
252 39 279 93
252 53 279 106
252 66 279 119
252 79 279 133
252 93 279 146
252 106 279 159
252 119 279 172
252 133 279 186
252 146 279 199
252 159 279 212
252 172 279 226
252 186 279 239
252 199 279 252
252 212 279 266
252 226 279 279
252 239 279 292
252 252 279 305
252 266 279 319
252 279 279 332
252 292 279 345
252 305 279 359
252 319 279 372
252 332 279 385
252 345 279 399
252 359 279 412
266 0 292 53
266 13 292 66
266 26 292 79
266 39 292 93
266 53 292 106
266 66 292 119
266 79 292 133
266 93 292 146
266 106 292 159
266 119 292 172
266 133 292 186
266 146 292 199
266 159 292 212
266 172 292 226
266 186 292 239
266 199 292 252
266 212 292 266
266 226 292 279
266 239 292 292
266 252 292 305
266 266 292 319
266 279 292 332
266 292 292 345
266 305 292 359
266 319 292 372
266 332 292 385
266 345 292 399
266 359 292 412
279 0 305 53
279 13 305 66
279 26 305 79
279 39 305 93
279 53 305 106
279 66 305 119
279 79 305 133
279 93 305 146
279 106 305 159
279 119 305 172
279 133 305 186
279 146 305 199
279 159 305 212
279 172 305 226
279 186 305 239
279 199 305 252
279 212 305 266
279 226 305 279
279 239 305 292
279 252 305 305
279 266 305 319
279 279 305 332
279 292 305 345
279 305 305 359
279 319 305 372
279 332 305 385
279 345 305 399
279 359 305 412
292 0 319 53
292 13 319 66
292 26 319 79
292 39 319 93
292 53 319 106
292 66 319 119
292 79 319 133
292 93 319 146
292 106 319 159
292 119 319 172
292 133 319 186
292 146 319 199
292 159 319 212
292 172 319 226
292 186 319 239
292 199 319 252
292 212 319 266
292 226 319 279
292 239 319 292
292 252 319 305
292 266 319 319
292 279 319 332
292 292 319 345
292 305 319 359
292 319 319 372
292 332 319 385
292 345 319 399
292 359 319 412
305 0 332 53
305 13 332 66
305 26 332 79
305 39 332 93
305 53 332 106
305 66 332 119
305 79 332 133
305 93 332 146
305 106 332 159
305 119 332 172
305 133 332 186
305 146 332 199
305 159 332 212
305 172 332 226
305 186 332 239
305 199 332 252
305 212 332 266
305 226 332 279
305 239 332 292
305 252 332 305
305 266 332 319
305 279 332 332
305 292 332 345
305 305 332 359
305 319 332 372
305 332 332 385
305 345 332 399
305 359 332 412
319 0 345 53
319 13 345 66
319 26 345 79
319 39 345 93
319 53 345 106
319 66 345 119
319 79 345 133
319 93 345 146
319 106 345 159
319 119 345 172
319 133 345 186
319 146 345 199
319 159 345 212
319 172 345 226
319 186 345 239
319 199 345 252
319 212 345 266
319 226 345 279
319 239 345 292
319 252 345 305
319 266 345 319
319 279 345 332
319 292 345 345
319 305 345 359
319 319 345 372
319 332 345 385
319 345 345 399
319 359 345 412
332 0 359 53
332 13 359 66
332 26 359 79
332 39 359 93
332 53 359 106
332 66 359 119
332 79 359 133
332 93 359 146
332 106 359 159
332 119 359 172
332 133 359 186
332 146 359 199
332 159 359 212
332 172 359 226
332 186 359 239
332 199 359 252
332 212 359 266
332 226 359 279
332 239 359 292
332 252 359 305
332 266 359 319
332 279 359 332
332 292 359 345
332 305 359 359
332 319 359 372
332 332 359 385
332 345 359 399
332 359 359 412
345 0 372 53
345 13 372 66
345 26 372 79
345 39 372 93
345 53 372 106
345 66 372 119
345 79 372 133
345 93 372 146
345 106 372 159
345 119 372 172
345 133 372 186
345 146 372 199
345 159 372 212
345 172 372 226
345 186 372 239
345 199 372 252
345 212 372 266
345 226 372 279
345 239 372 292
345 252 372 305
345 266 372 319
345 279 372 332
345 292 372 345
345 305 372 359
345 319 372 372
345 332 372 385
345 345 372 399
345 359 372 412
359 0 385 53
359 13 385 66
359 26 385 79
359 39 385 93
359 53 385 106
359 66 385 119
359 79 385 133
359 93 385 146
359 106 385 159
359 119 385 172
359 133 385 186
359 146 385 199
359 159 385 212
359 172 385 226
359 186 385 239
359 199 385 252
359 212 385 266
359 226 385 279
359 239 385 292
359 252 385 305
359 266 385 319
359 279 385 332
359 292 385 345
359 305 385 359
359 319 385 372
359 332 385 385
359 345 385 399
359 359 385 412
372 0 399 53
372 13 399 66
372 26 399 79
372 39 399 93
372 53 399 106
372 66 399 119
372 79 399 133
372 93 399 146
372 106 399 159
372 119 399 172
372 133 399 186
372 146 399 199
372 159 399 212
372 172 399 226
372 186 399 239
372 199 399 252
372 212 399 266
372 226 399 279
372 239 399 292
372 252 399 305
372 266 399 319
372 279 399 332
372 292 399 345
372 305 399 359
372 319 399 372
372 332 399 385
372 345 399 399
372 359 399 412
385 0 412 53
385 13 412 66
385 26 412 79
385 39 412 93
385 53 412 106
385 66 412 119
385 79 412 133
385 93 412 146
385 106 412 159
385 119 412 172
385 133 412 186
385 146 412 199
385 159 412 212
385 172 412 226
385 186 412 239
385 199 412 252
385 212 412 266
385 226 412 279
385 239 412 292
385 252 412 305
385 266 412 319
385 279 412 332
385 292 412 345
385 305 412 359
385 319 412 372
385 332 412 385
385 345 412 399
385 359 412 412
399 0 425 53
399 13 425 66
399 26 425 79
399 39 425 93
399 53 425 106
399 66 425 119
399 79 425 133
399 93 425 146
399 106 425 159
399 119 425 172
399 133 425 186
399 146 425 199
399 159 425 212
399 172 425 226
399 186 425 239
399 199 425 252
399 212 425 266
399 226 425 279
399 239 425 292
399 252 425 305
399 266 425 319
399 279 425 332
399 292 425 345
399 305 425 359
399 319 425 372
399 332 425 385
399 345 425 399
399 359 425 412
412 0 438 53
412 13 438 66
412 26 438 79
412 39 438 93
412 53 438 106
412 66 438 119
412 79 438 133
412 93 438 146
412 106 438 159
412 119 438 172
412 133 438 186
412 146 438 199
412 159 438 212
412 172 438 226
412 186 438 239
412 199 438 252
412 212 438 266
412 226 438 279
412 239 438 292
412 252 438 305
412 266 438 319
412 279 438 332
412 292 438 345
412 305 438 359
412 319 438 372
412 332 438 385
412 345 438 399
412 359 438 412
425 0 452 53
425 13 452 66
425 26 452 79
425 39 452 93
425 53 452 106
425 66 452 119
425 79 452 133
425 93 452 146
425 106 452 159
425 119 452 172
425 133 452 186
425 146 452 199
425 159 452 212
425 172 452 226
425 186 452 239
425 199 452 252
425 212 452 266
425 226 452 279
425 239 452 292
425 252 452 305
425 266 452 319
425 279 452 332
425 292 452 345
425 305 452 359
425 319 452 372
425 332 452 385
425 345 452 399
425 359 452 412
438 0 465 53
438 13 465 66
438 26 465 79
438 39 465 93
438 53 465 106
438 66 465 119
438 79 465 133
438 93 465 146
438 106 465 159
438 119 465 172
438 133 465 186
438 146 465 199
438 159 465 212
438 172 465 226
438 186 465 239
438 199 465 252
438 212 465 266
438 226 465 279
438 239 465 292
438 252 465 305
438 266 465 319
438 279 465 332
438 292 465 345
438 305 465 359
438 319 465 372
438 332 465 385
438 345 465 399
438 359 465 412
452 0 478 53
452 13 478 66
452 26 478 79
452 39 478 93
452 53 478 106
452 66 478 119
452 79 478 133
452 93 478 146
452 106 478 159
452 119 478 172
452 133 478 186
452 146 478 199
452 159 478 212
452 172 478 226
452 186 478 239
452 199 478 252
452 212 478 266
452 226 478 279
452 239 478 292
452 252 478 305
452 266 478 319
452 279 478 332
452 292 478 345
452 305 478 359
452 319 478 372
452 332 478 385
452 345 478 399
452 359 478 412
465 0 492 53
465 13 492 66
465 26 492 79
465 39 492 93
465 53 492 106
465 66 492 119
465 79 492 133
465 93 492 146
465 106 492 159
465 119 492 172
465 133 492 186
465 146 492 199
465 159 492 212
465 172 492 226
465 186 492 239
465 199 492 252
465 212 492 266
465 226 492 279
465 239 492 292
465 252 492 305
465 266 492 319
465 279 492 332
465 292 492 345
465 305 492 359
465 319 492 372
465 332 492 385
465 345 492 399
465 359 492 412
478 0 505 53
478 13 505 66
478 26 505 79
478 39 505 93
478 53 505 106
478 66 505 119
478 79 505 133
478 93 505 146
478 106 505 159
478 119 505 172
478 133 505 186
478 146 505 199
478 159 505 212
478 172 505 226
478 186 505 239
478 199 505 252
478 212 505 266
478 226 505 279
478 239 505 292
478 252 505 305
478 266 505 319
478 279 505 332
478 292 505 345
478 305 505 359
478 319 505 372
478 332 505 385
478 345 505 399
478 359 505 412
492 0 518 53
492 13 518 66
492 26 518 79
492 39 518 93
492 53 518 106
492 66 518 119
492 79 518 133
492 93 518 146
492 106 518 159
492 119 518 172
492 133 518 186
492 146 518 199
492 159 518 212
492 172 518 226
492 186 518 239
492 199 518 252
492 212 518 266
492 226 518 279
492 239 518 292
492 252 518 305
492 266 518 319
492 279 518 332
492 292 518 345
492 305 518 359
492 319 518 372
492 332 518 385
492 345 518 399
492 359 518 412
505 0 532 53
505 13 532 66
505 26 532 79
505 39 532 93
505 53 532 106
505 66 532 119
505 79 532 133
505 93 532 146
505 106 532 159
505 119 532 172
505 133 532 186
505 146 532 199
505 159 532 212
505 172 532 226
505 186 532 239
505 199 532 252
505 212 532 266
505 226 532 279
505 239 532 292
505 252 532 305
505 266 532 319
505 279 532 332
505 292 532 345
505 305 532 359
505 319 532 372
505 332 532 385
505 345 532 399
505 359 532 412
518 0 545 53
518 13 545 66
518 26 545 79
518 39 545 93
518 53 545 106
518 66 545 119
518 79 545 133
518 93 545 146
518 106 545 159
518 119 545 172
518 133 545 186
518 146 545 199
518 159 545 212
518 172 545 226
518 186 545 239
518 199 545 252
518 212 545 266
518 226 545 279
518 239 545 292
518 252 545 305
518 266 545 319
518 279 545 332
518 292 545 345
518 305 545 359
518 319 545 372
518 332 545 385
518 345 545 399
518 359 545 412
532 0 558 53
532 13 558 66
532 26 558 79
532 39 558 93
532 53 558 106
532 66 558 119
532 79 558 133
532 93 558 146
532 106 558 159
532 119 558 172
532 133 558 186
532 146 558 199
532 159 558 212
532 172 558 226
532 186 558 239
532 199 558 252
532 212 558 266
532 226 558 279
532 239 558 292
532 252 558 305
532 266 558 319
532 279 558 332
532 292 558 345
532 305 558 359
532 319 558 372
532 332 558 385
532 345 558 399
532 359 558 412
545 0 571 53
545 13 571 66
545 26 571 79
545 39 571 93
545 53 571 106
545 66 571 119
545 79 571 133
545 93 571 146
545 106 571 159
545 119 571 172
545 133 571 186
545 146 571 199
545 159 571 212
545 172 571 226
545 186 571 239
545 199 571 252
545 212 571 266
545 226 571 279
545 239 571 292
545 252 571 305
545 266 571 319
545 279 571 332
545 292 571 345
545 305 571 359
545 319 571 372
545 332 571 385
545 345 571 399
545 359 571 412
558 0 585 53
558 13 585 66
558 26 585 79
558 39 585 93
558 53 585 106
558 66 585 119
558 79 585 133
558 93 585 146
558 106 585 159
558 119 585 172
558 133 585 186
558 146 585 199
558 159 585 212
558 172 585 226
558 186 585 239
558 199 585 252
558 212 585 266
558 226 585 279
558 239 585 292
558 252 585 305
558 266 585 319
558 279 585 332
558 292 585 345
558 305 585 359
558 319 585 372
558 332 585 385
558 345 585 399
558 359 585 412
571 0 598 53
571 13 598 66
571 26 598 79
571 39 598 93
571 53 598 106
571 66 598 119
571 79 598 133
571 93 598 146
571 106 598 159
571 119 598 172
571 133 598 186
571 146 598 199
571 159 598 212
571 172 598 226
571 186 598 239
571 199 598 252
571 212 598 266
571 226 598 279
571 239 598 292
571 252 598 305
571 266 598 319
571 279 598 332
571 292 598 345
571 305 598 359
571 319 598 372
571 332 598 385
571 345 598 399
571 359 598 412
585 0 611 53
585 13 611 66
585 26 611 79
585 39 611 93
585 53 611 106
585 66 611 119
585 79 611 133
585 93 611 146
585 106 611 159
585 119 611 172
585 133 611 186
585 146 611 199
585 159 611 212
585 172 611 226
585 186 611 239
585 199 611 252
585 212 611 266
585 226 611 279
585 239 611 292
585 252 611 305
585 266 611 319
585 279 611 332
585 292 611 345
585 305 611 359
585 319 611 372
585 332 611 385
585 345 611 399
585 359 611 412
598 0 625 53
598 13 625 66
598 26 625 79
598 39 625 93
598 53 625 106
598 66 625 119
598 79 625 133
598 93 625 146
598 106 625 159
598 119 625 172
598 133 625 186
598 146 625 199
598 159 625 212
598 172 625 226
598 186 625 239
598 199 625 252
598 212 625 266
598 226 625 279
598 239 625 292
598 252 625 305
598 266 625 319
598 279 625 332
598 292 625 345
598 305 625 359
598 319 625 372
598 332 625 385
598 345 625 399
598 359 625 412
