0 0 70 210
235 0 305 250
305 100 365 190
250 300 320 355
175 335 295 470
200 415 340 485
200 445 395 535
490 190 535 295
315 105 505 360
505 240 610 360
580 290 650 360
320 340 385 415
275 425 390 470
160 550 245 770
150 715 230 865
325 0 375 70
350 0 460 60
450 0 505 80
440 0 565 115
335 60 550 130
820 10 900 55
810 0 930 40
690 60 825 205
715 100 785 310
600 110 745 310
0 150 65 315
540 160 655 275
540 165 650 270
0 260 50 340
680 295 770 360
0 300 55 360
800 325 930 395
615 395 790 510
0 440 50 595
545 445 585 535
505 445 575 635
545 520 590 605
810 415 930 455
735 460 920 570
760 495 930 600
830 465 930 555
645 480 735 555
620 565 765 635
605 555 765 625
670 515 785 555
595 610 690 710
605 630 715 710
75 495 140 690
250 505 360 640
455 555 495 645
225 665 335 775
350 645 490 775
360 605 455 670
750 640 930 695
545 610 605 675
485 615 590 745
540 730 640 885
545 775 640 885
525 835 625 890
680 645 765 870
720 720 930 885
780 710 930 845
710 805 920 885
550 860 705 900
655 880 900 995
695 890 865 995
520 825 570 915
780 830 930 900
800 845 920 900
715 840 930 995
735 655 790 720
580 675 705 725
625 715 710 765
35 705 145 745
0 755 140 900
85 865 135 945
150 840 235 910
0 860 225 995
0 885 125 960
50 895 125 960
770 395 930 465
615 480 735 555
690 60 825 385
0 895 125 980
310 0 375 100
320 60 550 165
485 615 590 775
310 0 550 165
315 100 510 360
620 560 905 635
485 615 630 775
795 350 905 395
175 335 395 535
205 775 365 825
195 750 365 830
195 750 405 830
640 310 745 365
525 835 630 890
580 665 730 725
710 785 920 885
235 0 310 250
680 645 780 870
615 390 790 510
665 510 785 555
645 645 780 870
0 865 135 980
75 855 140 930
0 860 135 960
0 705 145 765
0 0 116 116
0 58 116 175
0 116 116 233
0 175 116 292
0 233 116 350
0 292 116 409
0 350 116 467
0 409 116 525
0 467 116 584
0 525 116 642
0 584 116 701
0 642 116 759
0 701 116 818
0 759 116 876
0 818 116 935
0 876 116 993
58 0 175 116
58 58 175 175
58 116 175 233
58 175 175 292
58 233 175 350
58 292 175 409
58 350 175 467
58 409 175 525
58 467 175 584
58 525 175 642
58 584 175 701
58 642 175 759
58 701 175 818
58 759 175 876
58 818 175 935
58 876 175 993
116 0 233 116
116 58 233 175
116 116 233 233
116 175 233 292
116 233 233 350
116 292 233 409
116 350 233 467
116 409 233 525
116 467 233 584
116 525 233 642
116 584 233 701
116 642 233 759
116 701 233 818
116 759 233 876
116 818 233 935
116 876 233 993
175 0 292 116
175 58 292 175
175 116 292 233
175 175 292 292
175 233 292 350
175 292 292 409
175 350 292 467
175 409 292 525
175 467 292 584
175 525 292 642
175 584 292 701
175 642 292 759
175 701 292 818
175 759 292 876
175 818 292 935
175 876 292 993
233 0 350 116
233 58 350 175
233 116 350 233
233 175 350 292
233 233 350 350
233 292 350 409
233 350 350 467
233 409 350 525
233 467 350 584
233 525 350 642
233 584 350 701
233 642 350 759
233 701 350 818
233 759 350 876
233 818 350 935
233 876 350 993
292 0 409 116
292 58 409 175
292 116 409 233
292 175 409 292
292 233 409 350
292 292 409 409
292 350 409 467
292 409 409 525
292 467 409 584
292 525 409 642
292 584 409 701
292 642 409 759
292 701 409 818
292 759 409 876
292 818 409 935
292 876 409 993
350 0 467 116
350 58 467 175
350 116 467 233
350 175 467 292
350 233 467 350
350 292 467 409
350 350 467 467
350 409 467 525
350 467 467 584
350 525 467 642
350 584 467 701
350 642 467 759
350 701 467 818
350 759 467 876
350 818 467 935
350 876 467 993
409 0 525 116
409 58 525 175
409 116 525 233
409 175 525 292
409 233 525 350
409 292 525 409
409 350 525 467
409 409 525 525
409 467 525 584
409 525 525 642
409 584 525 701
409 642 525 759
409 701 525 818
409 759 525 876
409 818 525 935
409 876 525 993
467 0 584 116
467 58 584 175
467 116 584 233
467 175 584 292
467 233 584 350
467 292 584 409
467 350 584 467
467 409 584 525
467 467 584 584
467 525 584 642
467 584 584 701
467 642 584 759
467 701 584 818
467 759 584 876
467 818 584 935
467 876 584 993
525 0 642 116
525 58 642 175
525 116 642 233
525 175 642 292
525 233 642 350
525 292 642 409
525 350 642 467
525 409 642 525
525 467 642 584
525 525 642 642
525 584 642 701
525 642 642 759
525 701 642 818
525 759 642 876
525 818 642 935
525 876 642 993
584 0 701 116
584 58 701 175
584 116 701 233
584 175 701 292
584 233 701 350
584 292 701 409
584 350 701 467
584 409 701 525
584 467 701 584
584 525 701 642
584 584 701 701
584 642 701 759
584 701 701 818
584 759 701 876
584 818 701 935
584 876 701 993
642 0 759 116
642 58 759 175
642 116 759 233
642 175 759 292
642 233 759 350
642 292 759 409
642 350 759 467
642 409 759 525
642 467 759 584
642 525 759 642
642 584 759 701
642 642 759 759
642 701 759 818
642 759 759 876
642 818 759 935
642 876 759 993
701 0 818 116
701 58 818 175
701 116 818 233
701 175 818 292
701 233 818 350
701 292 818 409
701 350 818 467
701 409 818 525
701 467 818 584
701 525 818 642
701 584 818 701
701 642 818 759
701 701 818 818
701 759 818 876
701 818 818 935
701 876 818 993
759 0 876 116
759 58 876 175
759 116 876 233
759 175 876 292
759 233 876 350
759 292 876 409
759 350 876 467
759 409 876 525
759 467 876 584
759 525 876 642
759 584 876 701
759 642 876 759
759 701 876 818
759 759 876 876
759 818 876 935
759 876 876 993
0 0 233 116
0 58 233 175
0 116 233 233
0 175 233 292
0 233 233 350
0 292 233 409
0 350 233 467
0 409 233 525
0 467 233 584
0 525 233 642
0 584 233 701
0 642 233 759
0 701 233 818
0 759 233 876
0 818 233 935
0 876 233 993
58 0 292 116
58 58 292 175
58 116 292 233
58 175 292 292
58 233 292 350
58 292 292 409
58 350 292 467
58 409 292 525
58 467 292 584
58 525 292 642
58 584 292 701
58 642 292 759
58 701 292 818
58 759 292 876
58 818 292 935
58 876 292 993
116 0 350 116
116 58 350 175
116 116 350 233
116 175 350 292
116 233 350 350
116 292 350 409
116 350 350 467
116 409 350 525
116 467 350 584
116 525 350 642
116 584 350 701
116 642 350 759
116 701 350 818
116 759 350 876
116 818 350 935
116 876 350 993
175 0 409 116
175 58 409 175
175 116 409 233
175 175 409 292
175 233 409 350
175 292 409 409
175 350 409 467
175 409 409 525
175 467 409 584
175 525 409 642
175 584 409 701
175 642 409 759
175 701 409 818
175 759 409 876
175 818 409 935
175 876 409 993
233 0 467 116
233 58 467 175
233 116 467 233
233 175 467 292
233 233 467 350
233 292 467 409
233 350 467 467
233 409 467 525
233 467 467 584
233 525 467 642
233 584 467 701
233 642 467 759
233 701 467 818
233 759 467 876
233 818 467 935
233 876 467 993
292 0 525 116
292 58 525 175
292 116 525 233
292 175 525 292
292 233 525 350
292 292 525 409
292 350 525 467
292 409 525 525
292 467 525 584
292 525 525 642
292 584 525 701
292 642 525 759
292 701 525 818
292 759 525 876
292 818 525 935
292 876 525 993
350 0 584 116
350 58 584 175
350 116 584 233
350 175 584 292
350 233 584 350
350 292 584 409
350 350 584 467
350 409 584 525
350 467 584 584
350 525 584 642
350 584 584 701
350 642 584 759
350 701 584 818
350 759 584 876
350 818 584 935
350 876 584 993
409 0 642 116
409 58 642 175
409 116 642 233
409 175 642 292
409 233 642 350
409 292 642 409
409 350 642 467
409 409 642 525
409 467 642 584
409 525 642 642
409 584 642 701
409 642 642 759
409 701 642 818
409 759 642 876
409 818 642 935
409 876 642 993
467 0 701 116
467 58 701 175
467 116 701 233
467 175 701 292
467 233 701 350
467 292 701 409
467 350 701 467
467 409 701 525
467 467 701 584
467 525 701 642
467 584 701 701
467 642 701 759
467 701 701 818
467 759 701 876
467 818 701 935
467 876 701 993
525 0 759 116
525 58 759 175
525 116 759 233
525 175 759 292
525 233 759 350
525 292 759 409
525 350 759 467
525 409 759 525
525 467 759 584
525 525 759 642
525 584 759 701
525 642 759 759
525 701 759 818
525 759 759 876
525 818 759 935
525 876 759 993
584 0 818 116
584 58 818 175
584 116 818 233
584 175 818 292
584 233 818 350
584 292 818 409
584 350 818 467
584 409 818 525
584 467 818 584
584 525 818 642
584 584 818 701
584 642 818 759
584 701 818 818
584 759 818 876
584 818 818 935
584 876 818 993
642 0 876 116
642 58 876 175
642 116 876 233
642 175 876 292
642 233 876 350
642 292 876 409
642 350 876 467
642 409 876 525
642 467 876 584
642 525 876 642
642 584 876 701
642 642 876 759
642 701 876 818
642 759 876 876
642 818 876 935
642 876 876 993
0 0 116 233
0 58 116 292
0 116 116 350
0 175 116 409
0 233 116 467
0 292 116 525
0 350 116 584
0 409 116 642
0 467 116 701
0 525 116 759
0 584 116 818
0 642 116 876
0 701 116 935
0 759 116 993
58 0 175 233
58 58 175 292
58 116 175 350
58 175 175 409
58 233 175 467
58 292 175 525
58 350 175 584
58 409 175 642
58 467 175 701
58 525 175 759
58 584 175 818
58 642 175 876
58 701 175 935
58 759 175 993
116 0 233 233
116 58 233 292
116 116 233 350
116 175 233 409
116 233 233 467
116 292 233 525
116 350 233 584
116 409 233 642
116 467 233 701
116 525 233 759
116 584 233 818
116 642 233 876
116 701 233 935
116 759 233 993
175 0 292 233
175 58 292 292
175 116 292 350
175 175 292 409
175 233 292 467
175 292 292 525
175 350 292 584
175 409 292 642
175 467 292 701
175 525 292 759
175 584 292 818
175 642 292 876
175 701 292 935
175 759 292 993
233 0 350 233
233 58 350 292
233 116 350 350
233 175 350 409
233 233 350 467
233 292 350 525
233 350 350 584
233 409 350 642
233 467 350 701
233 525 350 759
233 584 350 818
233 642 350 876
233 701 350 935
233 759 350 993
292 0 409 233
292 58 409 292
292 116 409 350
292 175 409 409
292 233 409 467
292 292 409 525
292 350 409 584
292 409 409 642
292 467 409 701
292 525 409 759
292 584 409 818
292 642 409 876
292 701 409 935
292 759 409 993
350 0 467 233
350 58 467 292
350 116 467 350
350 175 467 409
350 233 467 467
350 292 467 525
350 350 467 584
350 409 467 642
350 467 467 701
350 525 467 759
350 584 467 818
350 642 467 876
350 701 467 935
350 759 467 993
409 0 525 233
409 58 525 292
409 116 525 350
409 175 525 409
409 233 525 467
409 292 525 525
409 350 525 584
409 409 525 642
409 467 525 701
409 525 525 759
409 584 525 818
409 642 525 876
409 701 525 935
409 759 525 993
467 0 584 233
467 58 584 292
467 116 584 350
467 175 584 409
467 233 584 467
467 292 584 525
467 350 584 584
467 409 584 642
467 467 584 701
467 525 584 759
467 584 584 818
467 642 584 876
467 701 584 935
467 759 584 993
525 0 642 233
525 58 642 292
525 116 642 350
525 175 642 409
525 233 642 467
525 292 642 525
525 350 642 584
525 409 642 642
525 467 642 701
525 525 642 759
525 584 642 818
525 642 642 876
525 701 642 935
525 759 642 993
584 0 701 233
584 58 701 292
584 116 701 350
584 175 701 409
584 233 701 467
584 292 701 525
584 350 701 584
584 409 701 642
584 467 701 701
584 525 701 759
584 584 701 818
584 642 701 876
584 701 701 935
584 759 701 993
642 0 759 233
642 58 759 292
642 116 759 350
642 175 759 409
642 233 759 467
642 292 759 525
642 350 759 584
642 409 759 642
642 467 759 701
642 525 759 759
642 584 759 818
642 642 759 876
642 701 759 935
642 759 759 993
701 0 818 233
701 58 818 292
701 116 818 350
701 175 818 409
701 233 818 467
701 292 818 525
701 350 818 584
701 409 818 642
701 467 818 701
701 525 818 759
701 584 818 818
701 642 818 876
701 701 818 935
701 759 818 993
759 0 876 233
759 58 876 292
759 116 876 350
759 175 876 409
759 233 876 467
759 292 876 525
759 350 876 584
759 409 876 642
759 467 876 701
759 525 876 759
759 584 876 818
759 642 876 876
759 701 876 935
759 759 876 993
0 0 58 58
0 29 58 87
0 58 58 116
0 87 58 146
0 116 58 175
0 146 58 204
0 175 58 233
0 204 58 262
0 233 58 292
0 262 58 321
0 292 58 350
0 321 58 379
0 350 58 409
0 379 58 438
0 409 58 467
0 438 58 496
0 467 58 525
0 496 58 555
0 525 58 584
0 555 58 613
0 584 58 642
0 613 58 672
0 642 58 701
0 672 58 730
0 701 58 759
0 730 58 788
0 759 58 818
0 788 58 847
0 818 58 876
0 847 58 905
0 876 58 935
0 905 58 964
0 935 58 993
29 0 87 58
29 29 87 87
29 58 87 116
29 87 87 146
29 116 87 175
29 146 87 204
29 175 87 233
29 204 87 262
29 233 87 292
29 262 87 321
29 292 87 350
29 321 87 379
29 350 87 409
29 379 87 438
29 409 87 467
29 438 87 496
29 467 87 525
29 496 87 555
29 525 87 584
29 555 87 613
29 584 87 642
29 613 87 672
29 642 87 701
29 672 87 730
29 701 87 759
29 730 87 788
29 759 87 818
29 788 87 847
29 818 87 876
29 847 87 905
29 876 87 935
29 905 87 964
29 935 87 993
58 0 116 58
58 29 116 87
58 58 116 116
58 87 116 146
58 116 116 175
58 146 116 204
58 175 116 233
58 204 116 262
58 233 116 292
58 262 116 321
58 292 116 350
58 321 116 379
58 350 116 409
58 379 116 438
58 409 116 467
58 438 116 496
58 467 116 525
58 496 116 555
58 525 116 584
58 555 116 613
58 584 116 642
58 613 116 672
58 642 116 701
58 672 116 730
58 701 116 759
58 730 116 788
58 759 116 818
58 788 116 847
58 818 116 876
58 847 116 905
58 876 116 935
58 905 116 964
58 935 116 993
87 0 146 58
87 29 146 87
87 58 146 116
87 87 146 146
87 116 146 175
87 146 146 204
87 175 146 233
87 204 146 262
87 233 146 292
87 262 146 321
87 292 146 350
87 321 146 379
87 350 146 409
87 379 146 438
87 409 146 467
87 438 146 496
87 467 146 525
87 496 146 555
87 525 146 584
87 555 146 613
87 584 146 642
87 613 146 672
87 642 146 701
87 672 146 730
87 701 146 759
87 730 146 788
87 759 146 818
87 788 146 847
87 818 146 876
87 847 146 905
87 876 146 935
87 905 146 964
87 935 146 993
116 0 175 58
116 29 175 87
116 58 175 116
116 87 175 146
116 116 175 175
116 146 175 204
116 175 175 233
116 204 175 262
116 233 175 292
116 262 175 321
116 292 175 350
116 321 175 379
116 350 175 409
116 379 175 438
116 409 175 467
116 438 175 496
116 467 175 525
116 496 175 555
116 525 175 584
116 555 175 613
116 584 175 642
116 613 175 672
116 642 175 701
116 672 175 730
116 701 175 759
116 730 175 788
116 759 175 818
116 788 175 847
116 818 175 876
116 847 175 905
116 876 175 935
116 905 175 964
116 935 175 993
146 0 204 58
146 29 204 87
146 58 204 116
146 87 204 146
146 116 204 175
146 146 204 204
146 175 204 233
146 204 204 262
146 233 204 292
146 262 204 321
146 292 204 350
146 321 204 379
146 350 204 409
146 379 204 438
146 409 204 467
146 438 204 496
146 467 204 525
146 496 204 555
146 525 204 584
146 555 204 613
146 584 204 642
146 613 204 672
146 642 204 701
146 672 204 730
146 701 204 759
146 730 204 788
146 759 204 818
146 788 204 847
146 818 204 876
146 847 204 905
146 876 204 935
146 905 204 964
146 935 204 993
175 0 233 58
175 29 233 87
175 58 233 116
175 87 233 146
175 116 233 175
175 146 233 204
175 175 233 233
175 204 233 262
175 233 233 292
175 262 233 321
175 292 233 350
175 321 233 379
175 350 233 409
175 379 233 438
175 409 233 467
175 438 233 496
175 467 233 525
175 496 233 555
175 525 233 584
175 555 233 613
175 584 233 642
175 613 233 672
175 642 233 701
175 672 233 730
175 701 233 759
175 730 233 788
175 759 233 818
175 788 233 847
175 818 233 876
175 847 233 905
175 876 233 935
175 905 233 964
175 935 233 993
204 0 262 58
204 29 262 87
204 58 262 116
204 87 262 146
204 116 262 175
204 146 262 204
204 175 262 233
204 204 262 262
204 233 262 292
204 262 262 321
204 292 262 350
204 321 262 379
204 350 262 409
204 379 262 438
204 409 262 467
204 438 262 496
204 467 262 525
204 496 262 555
204 525 262 584
204 555 262 613
204 584 262 642
204 613 262 672
204 642 262 701
204 672 262 730
204 701 262 759
204 730 262 788
204 759 262 818
204 788 262 847
204 818 262 876
204 847 262 905
204 876 262 935
204 905 262 964
204 935 262 993
233 0 292 58
233 29 292 87
233 58 292 116
233 87 292 146
233 116 292 175
233 146 292 204
233 175 292 233
233 204 292 262
233 233 292 292
233 262 292 321
233 292 292 350
233 321 292 379
233 350 292 409
233 379 292 438
233 409 292 467
233 438 292 496
233 467 292 525
233 496 292 555
233 525 292 584
233 555 292 613
233 584 292 642
233 613 292 672
233 642 292 701
233 672 292 730
233 701 292 759
233 730 292 788
233 759 292 818
233 788 292 847
233 818 292 876
233 847 292 905
233 876 292 935
233 905 292 964
233 935 292 993
262 0 321 58
262 29 321 87
262 58 321 116
262 87 321 146
262 116 321 175
262 146 321 204
262 175 321 233
262 204 321 262
262 233 321 292
262 262 321 321
262 292 321 350
262 321 321 379
262 350 321 409
262 379 321 438
262 409 321 467
262 438 321 496
262 467 321 525
262 496 321 555
262 525 321 584
262 555 321 613
262 584 321 642
262 613 321 672
262 642 321 701
262 672 321 730
262 701 321 759
262 730 321 788
262 759 321 818
262 788 321 847
262 818 321 876
262 847 321 905
262 876 321 935
262 905 321 964
262 935 321 993
292 0 350 58
292 29 350 87
292 58 350 116
292 87 350 146
292 116 350 175
292 146 350 204
292 175 350 233
292 204 350 262
292 233 350 292
292 262 350 321
292 292 350 350
292 321 350 379
292 350 350 409
292 379 350 438
292 409 350 467
292 438 350 496
292 467 350 525
292 496 350 555
292 525 350 584
292 555 350 613
292 584 350 642
292 613 350 672
292 642 350 701
292 672 350 730
292 701 350 759
292 730 350 788
292 759 350 818
292 788 350 847
292 818 350 876
292 847 350 905
292 876 350 935
292 905 350 964
292 935 350 993
321 0 379 58
321 29 379 87
321 58 379 116
321 87 379 146
321 116 379 175
321 146 379 204
321 175 379 233
321 204 379 262
321 233 379 292
321 262 379 321
321 292 379 350
321 321 379 379
321 350 379 409
321 379 379 438
321 409 379 467
321 438 379 496
321 467 379 525
321 496 379 555
321 525 379 584
321 555 379 613
321 584 379 642
321 613 379 672
321 642 379 701
321 672 379 730
321 701 379 759
321 730 379 788
321 759 379 818
321 788 379 847
321 818 379 876
321 847 379 905
321 876 379 935
321 905 379 964
321 935 379 993
350 0 409 58
350 29 409 87
350 58 409 116
350 87 409 146
350 116 409 175
350 146 409 204
350 175 409 233
350 204 409 262
350 233 409 292
350 262 409 321
350 292 409 350
350 321 409 379
350 350 409 409
350 379 409 438
350 409 409 467
350 438 409 496
350 467 409 525
350 496 409 555
350 525 409 584
350 555 409 613
350 584 409 642
350 613 409 672
350 642 409 701
350 672 409 730
350 701 409 759
350 730 409 788
350 759 409 818
350 788 409 847
350 818 409 876
350 847 409 905
350 876 409 935
350 905 409 964
350 935 409 993
379 0 438 58
379 29 438 87
379 58 438 116
379 87 438 146
379 116 438 175
379 146 438 204
379 175 438 233
379 204 438 262
379 233 438 292
379 262 438 321
379 292 438 350
379 321 438 379
379 350 438 409
379 379 438 438
379 409 438 467
379 438 438 496
379 467 438 525
379 496 438 555
379 525 438 584
379 555 438 613
379 584 438 642
379 613 438 672
379 642 438 701
379 672 438 730
379 701 438 759
379 730 438 788
379 759 438 818
379 788 438 847
379 818 438 876
379 847 438 905
379 876 438 935
379 905 438 964
379 935 438 993
409 0 467 58
409 29 467 87
409 58 467 116
409 87 467 146
409 116 467 175
409 146 467 204
409 175 467 233
409 204 467 262
409 233 467 292
409 262 467 321
409 292 467 350
409 321 467 379
409 350 467 409
409 379 467 438
409 409 467 467
409 438 467 496
409 467 467 525
409 496 467 555
409 525 467 584
409 555 467 613
409 584 467 642
409 613 467 672
409 642 467 701
409 672 467 730
409 701 467 759
409 730 467 788
409 759 467 818
409 788 467 847
409 818 467 876
409 847 467 905
409 876 467 935
409 905 467 964
409 935 467 993
438 0 496 58
438 29 496 87
438 58 496 116
438 87 496 146
438 116 496 175
438 146 496 204
438 175 496 233
438 204 496 262
438 233 496 292
438 262 496 321
438 292 496 350
438 321 496 379
438 350 496 409
438 379 496 438
438 409 496 467
438 438 496 496
438 467 496 525
438 496 496 555
438 525 496 584
438 555 496 613
438 584 496 642
438 613 496 672
438 642 496 701
438 672 496 730
438 701 496 759
438 730 496 788
438 759 496 818
438 788 496 847
438 818 496 876
438 847 496 905
438 876 496 935
438 905 496 964
438 935 496 993
467 0 525 58
467 29 525 87
467 58 525 116
467 87 525 146
467 116 525 175
467 146 525 204
467 175 525 233
467 204 525 262
467 233 525 292
467 262 525 321
467 292 525 350
467 321 525 379
467 350 525 409
467 379 525 438
467 409 525 467
467 438 525 496
467 467 525 525
467 496 525 555
467 525 525 584
467 555 525 613
467 584 525 642
467 613 525 672
467 642 525 701
467 672 525 730
467 701 525 759
467 730 525 788
467 759 525 818
467 788 525 847
467 818 525 876
467 847 525 905
467 876 525 935
467 905 525 964
467 935 525 993
496 0 555 58
496 29 555 87
496 58 555 116
496 87 555 146
496 116 555 175
496 146 555 204
496 175 555 233
496 204 555 262
496 233 555 292
496 262 555 321
496 292 555 350
496 321 555 379
496 350 555 409
496 379 555 438
496 409 555 467
496 438 555 496
496 467 555 525
496 496 555 555
496 525 555 584
496 555 555 613
496 584 555 642
496 613 555 672
496 642 555 701
496 672 555 730
496 701 555 759
496 730 555 788
496 759 555 818
496 788 555 847
496 818 555 876
496 847 555 905
496 876 555 935
496 905 555 964
496 935 555 993
525 0 584 58
525 29 584 87
525 58 584 116
525 87 584 146
525 116 584 175
525 146 584 204
525 175 584 233
525 204 584 262
525 233 584 292
525 262 584 321
525 292 584 350
525 321 584 379
525 350 584 409
525 379 584 438
525 409 584 467
525 438 584 496
525 467 584 525
525 496 584 555
525 525 584 584
525 555 584 613
525 584 584 642
525 613 584 672
525 642 584 701
525 672 584 730
525 701 584 759
525 730 584 788
525 759 584 818
525 788 584 847
525 818 584 876
525 847 584 905
525 876 584 935
525 905 584 964
525 935 584 993
555 0 613 58
555 29 613 87
555 58 613 116
555 87 613 146
555 116 613 175
555 146 613 204
555 175 613 233
555 204 613 262
555 233 613 292
555 262 613 321
555 292 613 350
555 321 613 379
555 350 613 409
555 379 613 438
555 409 613 467
555 438 613 496
555 467 613 525
555 496 613 555
555 525 613 584
555 555 613 613
555 584 613 642
555 613 613 672
555 642 613 701
555 672 613 730
555 701 613 759
555 730 613 788
555 759 613 818
555 788 613 847
555 818 613 876
555 847 613 905
555 876 613 935
555 905 613 964
555 935 613 993
584 0 642 58
584 29 642 87
584 58 642 116
584 87 642 146
584 116 642 175
584 146 642 204
584 175 642 233
584 204 642 262
584 233 642 292
584 262 642 321
584 292 642 350
584 321 642 379
584 350 642 409
584 379 642 438
584 409 642 467
584 438 642 496
584 467 642 525
584 496 642 555
584 525 642 584
584 555 642 613
584 584 642 642
584 613 642 672
584 642 642 701
584 672 642 730
584 701 642 759
584 730 642 788
584 759 642 818
584 788 642 847
584 818 642 876
584 847 642 905
584 876 642 935
584 905 642 964
584 935 642 993
613 0 672 58
613 29 672 87
613 58 672 116
613 87 672 146
613 116 672 175
613 146 672 204
613 175 672 233
613 204 672 262
613 233 672 292
613 262 672 321
613 292 672 350
613 321 672 379
613 350 672 409
613 379 672 438
613 409 672 467
613 438 672 496
613 467 672 525
613 496 672 555
613 525 672 584
613 555 672 613
613 584 672 642
613 613 672 672
613 642 672 701
613 672 672 730
613 701 672 759
613 730 672 788
613 759 672 818
613 788 672 847
613 818 672 876
613 847 672 905
613 876 672 935
613 905 672 964
613 935 672 993
642 0 701 58
642 29 701 87
642 58 701 116
642 87 701 146
642 116 701 175
642 146 701 204
642 175 701 233
642 204 701 262
642 233 701 292
642 262 701 321
642 292 701 350
642 321 701 379
642 350 701 409
642 379 701 438
642 409 701 467
642 438 701 496
642 467 701 525
642 496 701 555
642 525 701 584
642 555 701 613
642 584 701 642
642 613 701 672
642 642 701 701
642 672 701 730
642 701 701 759
642 730 701 788
642 759 701 818
642 788 701 847
642 818 701 876
642 847 701 905
642 876 701 935
642 905 701 964
642 935 701 993
672 0 730 58
672 29 730 87
672 58 730 116
672 87 730 146
672 116 730 175
672 146 730 204
672 175 730 233
672 204 730 262
672 233 730 292
672 262 730 321
672 292 730 350
672 321 730 379
672 350 730 409
672 379 730 438
672 409 730 467
672 438 730 496
672 467 730 525
672 496 730 555
672 525 730 584
672 555 730 613
672 584 730 642
672 613 730 672
672 642 730 701
672 672 730 730
672 701 730 759
672 730 730 788
672 759 730 818
672 788 730 847
672 818 730 876
672 847 730 905
672 876 730 935
672 905 730 964
672 935 730 993
701 0 759 58
701 29 759 87
701 58 759 116
701 87 759 146
701 116 759 175
701 146 759 204
701 175 759 233
701 204 759 262
701 233 759 292
701 262 759 321
701 292 759 350
701 321 759 379
701 350 759 409
701 379 759 438
701 409 759 467
701 438 759 496
701 467 759 525
701 496 759 555
701 525 759 584
701 555 759 613
701 584 759 642
701 613 759 672
701 642 759 701
701 672 759 730
701 701 759 759
701 730 759 788
701 759 759 818
701 788 759 847
701 818 759 876
701 847 759 905
701 876 759 935
701 905 759 964
701 935 759 993
730 0 788 58
730 29 788 87
730 58 788 116
730 87 788 146
730 116 788 175
730 146 788 204
730 175 788 233
730 204 788 262
730 233 788 292
730 262 788 321
730 292 788 350
730 321 788 379
730 350 788 409
730 379 788 438
730 409 788 467
730 438 788 496
730 467 788 525
730 496 788 555
730 525 788 584
730 555 788 613
730 584 788 642
730 613 788 672
730 642 788 701
730 672 788 730
730 701 788 759
730 730 788 788
730 759 788 818
730 788 788 847
730 818 788 876
730 847 788 905
730 876 788 935
730 905 788 964
730 935 788 993
759 0 818 58
759 29 818 87
759 58 818 116
759 87 818 146
759 116 818 175
759 146 818 204
759 175 818 233
759 204 818 262
759 233 818 292
759 262 818 321
759 292 818 350
759 321 818 379
759 350 818 409
759 379 818 438
759 409 818 467
759 438 818 496
759 467 818 525
759 496 818 555
759 525 818 584
759 555 818 613
759 584 818 642
759 613 818 672
759 642 818 701
759 672 818 730
759 701 818 759
759 730 818 788
759 759 818 818
759 788 818 847
759 818 818 876
759 847 818 905
759 876 818 935
759 905 818 964
759 935 818 993
788 0 847 58
788 29 847 87
788 58 847 116
788 87 847 146
788 116 847 175
788 146 847 204
788 175 847 233
788 204 847 262
788 233 847 292
788 262 847 321
788 292 847 350
788 321 847 379
788 350 847 409
788 379 847 438
788 409 847 467
788 438 847 496
788 467 847 525
788 496 847 555
788 525 847 584
788 555 847 613
788 584 847 642
788 613 847 672
788 642 847 701
788 672 847 730
788 701 847 759
788 730 847 788
788 759 847 818
788 788 847 847
788 818 847 876
788 847 847 905
788 876 847 935
788 905 847 964
788 935 847 993
818 0 876 58
818 29 876 87
818 58 876 116
818 87 876 146
818 116 876 175
818 146 876 204
818 175 876 233
818 204 876 262
818 233 876 292
818 262 876 321
818 292 876 350
818 321 876 379
818 350 876 409
818 379 876 438
818 409 876 467
818 438 876 496
818 467 876 525
818 496 876 555
818 525 876 584
818 555 876 613
818 584 876 642
818 613 876 672
818 642 876 701
818 672 876 730
818 701 876 759
818 730 876 788
818 759 876 818
818 788 876 847
818 818 876 876
818 847 876 905
818 876 876 935
818 905 876 964
818 935 876 993
847 0 905 58
847 29 905 87
847 58 905 116
847 87 905 146
847 116 905 175
847 146 905 204
847 175 905 233
847 204 905 262
847 233 905 292
847 262 905 321
847 292 905 350
847 321 905 379
847 350 905 409
847 379 905 438
847 409 905 467
847 438 905 496
847 467 905 525
847 496 905 555
847 525 905 584
847 555 905 613
847 584 905 642
847 613 905 672
847 642 905 701
847 672 905 730
847 701 905 759
847 730 905 788
847 759 905 818
847 788 905 847
847 818 905 876
847 847 905 905
847 876 905 935
847 905 905 964
847 935 905 993
0 0 116 58
0 29 116 87
0 58 116 116
0 87 116 146
0 116 116 175
0 146 116 204
0 175 116 233
0 204 116 262
0 233 116 292
0 262 116 321
0 292 116 350
0 321 116 379
0 350 116 409
0 379 116 438
0 409 116 467
0 438 116 496
0 467 116 525
0 496 116 555
0 525 116 584
0 555 116 613
0 584 116 642
0 613 116 672
0 642 116 701
0 672 116 730
0 701 116 759
0 730 116 788
0 759 116 818
0 788 116 847
0 818 116 876
0 847 116 905
0 876 116 935
0 905 116 964
0 935 116 993
29 0 146 58
29 29 146 87
29 58 146 116
29 87 146 146
29 116 146 175
29 146 146 204
29 175 146 233
29 204 146 262
29 233 146 292
29 262 146 321
29 292 146 350
29 321 146 379
29 350 146 409
29 379 146 438
29 409 146 467
29 438 146 496
29 467 146 525
29 496 146 555
29 525 146 584
29 555 146 613
29 584 146 642
29 613 146 672
29 642 146 701
29 672 146 730
29 701 146 759
29 730 146 788
29 759 146 818
29 788 146 847
29 818 146 876
29 847 146 905
29 876 146 935
29 905 146 964
29 935 146 993
58 0 175 58
58 29 175 87
58 58 175 116
58 87 175 146
58 116 175 175
58 146 175 204
58 175 175 233
58 204 175 262
58 233 175 292
58 262 175 321
58 292 175 350
58 321 175 379
58 350 175 409
58 379 175 438
58 409 175 467
58 438 175 496
58 467 175 525
58 496 175 555
58 525 175 584
58 555 175 613
58 584 175 642
58 613 175 672
58 642 175 701
58 672 175 730
58 701 175 759
58 730 175 788
58 759 175 818
58 788 175 847
58 818 175 876
58 847 175 905
58 876 175 935
58 905 175 964
58 935 175 993
87 0 204 58
87 29 204 87
87 58 204 116
87 87 204 146
87 116 204 175
87 146 204 204
87 175 204 233
87 204 204 262
87 233 204 292
87 262 204 321
87 292 204 350
87 321 204 379
87 350 204 409
87 379 204 438
87 409 204 467
87 438 204 496
87 467 204 525
87 496 204 555
87 525 204 584
87 555 204 613
87 584 204 642
87 613 204 672
87 642 204 701
87 672 204 730
87 701 204 759
87 730 204 788
87 759 204 818
87 788 204 847
87 818 204 876
87 847 204 905
87 876 204 935
87 905 204 964
87 935 204 993
116 0 233 58
116 29 233 87
116 58 233 116
116 87 233 146
116 116 233 175
116 146 233 204
116 175 233 233
116 204 233 262
116 233 233 292
116 262 233 321
116 292 233 350
116 321 233 379
116 350 233 409
116 379 233 438
116 409 233 467
116 438 233 496
116 467 233 525
116 496 233 555
116 525 233 584
116 555 233 613
116 584 233 642
116 613 233 672
116 642 233 701
116 672 233 730
116 701 233 759
116 730 233 788
116 759 233 818
116 788 233 847
116 818 233 876
116 847 233 905
116 876 233 935
116 905 233 964
116 935 233 993
146 0 262 58
146 29 262 87
146 58 262 116
146 87 262 146
146 116 262 175
146 146 262 204
146 175 262 233
146 204 262 262
146 233 262 292
146 262 262 321
146 292 262 350
146 321 262 379
146 350 262 409
146 379 262 438
146 409 262 467
146 438 262 496
146 467 262 525
146 496 262 555
146 525 262 584
146 555 262 613
146 584 262 642
146 613 262 672
146 642 262 701
146 672 262 730
146 701 262 759
146 730 262 788
146 759 262 818
146 788 262 847
146 818 262 876
146 847 262 905
146 876 262 935
146 905 262 964
146 935 262 993
175 0 292 58
175 29 292 87
175 58 292 116
175 87 292 146
175 116 292 175
175 146 292 204
175 175 292 233
175 204 292 262
175 233 292 292
175 262 292 321
175 292 292 350
175 321 292 379
175 350 292 409
175 379 292 438
175 409 292 467
175 438 292 496
175 467 292 525
175 496 292 555
175 525 292 584
175 555 292 613
175 584 292 642
175 613 292 672
175 642 292 701
175 672 292 730
175 701 292 759
175 730 292 788
175 759 292 818
175 788 292 847
175 818 292 876
175 847 292 905
175 876 292 935
175 905 292 964
175 935 292 993
204 0 321 58
204 29 321 87
204 58 321 116
204 87 321 146
204 116 321 175
204 146 321 204
204 175 321 233
204 204 321 262
204 233 321 292
204 262 321 321
204 292 321 350
204 321 321 379
204 350 321 409
204 379 321 438
204 409 321 467
204 438 321 496
204 467 321 525
204 496 321 555
204 525 321 584
204 555 321 613
204 584 321 642
204 613 321 672
204 642 321 701
204 672 321 730
204 701 321 759
204 730 321 788
204 759 321 818
204 788 321 847
204 818 321 876
204 847 321 905
204 876 321 935
204 905 321 964
204 935 321 993
233 0 350 58
233 29 350 87
233 58 350 116
233 87 350 146
233 116 350 175
233 146 350 204
233 175 350 233
233 204 350 262
233 233 350 292
233 262 350 321
233 292 350 350
233 321 350 379
233 350 350 409
233 379 350 438
233 409 350 467
233 438 350 496
233 467 350 525
233 496 350 555
233 525 350 584
233 555 350 613
233 584 350 642
233 613 350 672
233 642 350 701
233 672 350 730
233 701 350 759
233 730 350 788
233 759 350 818
233 788 350 847
233 818 350 876
233 847 350 905
233 876 350 935
233 905 350 964
233 935 350 993
262 0 379 58
262 29 379 87
262 58 379 116
262 87 379 146
262 116 379 175
262 146 379 204
262 175 379 233
262 204 379 262
262 233 379 292
262 262 379 321
262 292 379 350
262 321 379 379
262 350 379 409
262 379 379 438
262 409 379 467
262 438 379 496
262 467 379 525
262 496 379 555
262 525 379 584
262 555 379 613
262 584 379 642
262 613 379 672
262 642 379 701
262 672 379 730
262 701 379 759
262 730 379 788
262 759 379 818
262 788 379 847
262 818 379 876
262 847 379 905
262 876 379 935
262 905 379 964
262 935 379 993
292 0 409 58
292 29 409 87
292 58 409 116
292 87 409 146
292 116 409 175
292 146 409 204
292 175 409 233
292 204 409 262
292 233 409 292
292 262 409 321
292 292 409 350
292 321 409 379
292 350 409 409
292 379 409 438
292 409 409 467
292 438 409 496
292 467 409 525
292 496 409 555
292 525 409 584
292 555 409 613
292 584 409 642
292 613 409 672
292 642 409 701
292 672 409 730
292 701 409 759
292 730 409 788
292 759 409 818
292 788 409 847
292 818 409 876
292 847 409 905
292 876 409 935
292 905 409 964
292 935 409 993
321 0 438 58
321 29 438 87
321 58 438 116
321 87 438 146
321 116 438 175
321 146 438 204
321 175 438 233
321 204 438 262
321 233 438 292
321 262 438 321
321 292 438 350
321 321 438 379
321 350 438 409
321 379 438 438
321 409 438 467
321 438 438 496
321 467 438 525
321 496 438 555
321 525 438 584
321 555 438 613
321 584 438 642
321 613 438 672
321 642 438 701
321 672 438 730
321 701 438 759
321 730 438 788
321 759 438 818
321 788 438 847
321 818 438 876
321 847 438 905
321 876 438 935
321 905 438 964
321 935 438 993
350 0 467 58
350 29 467 87
350 58 467 116
350 87 467 146
350 116 467 175
350 146 467 204
350 175 467 233
350 204 467 262
350 233 467 292
350 262 467 321
350 292 467 350
350 321 467 379
350 350 467 409
350 379 467 438
350 409 467 467
350 438 467 496
350 467 467 525
350 496 467 555
350 525 467 584
350 555 467 613
350 584 467 642
350 613 467 672
350 642 467 701
350 672 467 730
350 701 467 759
350 730 467 788
350 759 467 818
350 788 467 847
350 818 467 876
350 847 467 905
350 876 467 935
350 905 467 964
350 935 467 993
379 0 496 58
379 29 496 87
379 58 496 116
379 87 496 146
379 116 496 175
379 146 496 204
379 175 496 233
379 204 496 262
379 233 496 292
379 262 496 321
379 292 496 350
379 321 496 379
379 350 496 409
379 379 496 438
379 409 496 467
379 438 496 496
379 467 496 525
379 496 496 555
379 525 496 584
379 555 496 613
379 584 496 642
379 613 496 672
379 642 496 701
379 672 496 730
379 701 496 759
379 730 496 788
379 759 496 818
379 788 496 847
379 818 496 876
379 847 496 905
379 876 496 935
379 905 496 964
379 935 496 993
409 0 525 58
409 29 525 87
409 58 525 116
409 87 525 146
409 116 525 175
409 146 525 204
409 175 525 233
409 204 525 262
409 233 525 292
409 262 525 321
409 292 525 350
409 321 525 379
409 350 525 409
409 379 525 438
409 409 525 467
409 438 525 496
409 467 525 525
409 496 525 555
409 525 525 584
409 555 525 613
409 584 525 642
409 613 525 672
409 642 525 701
409 672 525 730
409 701 525 759
409 730 525 788
409 759 525 818
409 788 525 847
409 818 525 876
409 847 525 905
409 876 525 935
409 905 525 964
409 935 525 993
438 0 555 58
438 29 555 87
438 58 555 116
438 87 555 146
438 116 555 175
438 146 555 204
438 175 555 233
438 204 555 262
438 233 555 292
438 262 555 321
438 292 555 350
438 321 555 379
438 350 555 409
438 379 555 438
438 409 555 467
438 438 555 496
438 467 555 525
438 496 555 555
438 525 555 584
438 555 555 613
438 584 555 642
438 613 555 672
438 642 555 701
438 672 555 730
438 701 555 759
438 730 555 788
438 759 555 818
438 788 555 847
438 818 555 876
438 847 555 905
438 876 555 935
438 905 555 964
438 935 555 993
467 0 584 58
467 29 584 87
467 58 584 116
467 87 584 146
467 116 584 175
467 146 584 204
467 175 584 233
467 204 584 262
467 233 584 292
467 262 584 321
467 292 584 350
467 321 584 379
467 350 584 409
467 379 584 438
467 409 584 467
467 438 584 496
467 467 584 525
467 496 584 555
467 525 584 584
467 555 584 613
467 584 584 642
467 613 584 672
467 642 584 701
467 672 584 730
467 701 584 759
467 730 584 788
467 759 584 818
467 788 584 847
467 818 584 876
467 847 584 905
467 876 584 935
467 905 584 964
467 935 584 993
496 0 613 58
496 29 613 87
496 58 613 116
496 87 613 146
496 116 613 175
496 146 613 204
496 175 613 233
496 204 613 262
496 233 613 292
496 262 613 321
496 292 613 350
496 321 613 379
496 350 613 409
496 379 613 438
496 409 613 467
496 438 613 496
496 467 613 525
496 496 613 555
496 525 613 584
496 555 613 613
496 584 613 642
496 613 613 672
496 642 613 701
496 672 613 730
496 701 613 759
496 730 613 788
496 759 613 818
496 788 613 847
496 818 613 876
496 847 613 905
496 876 613 935
496 905 613 964
496 935 613 993
525 0 642 58
525 29 642 87
525 58 642 116
525 87 642 146
525 116 642 175
525 146 642 204
525 175 642 233
525 204 642 262
525 233 642 292
525 262 642 321
525 292 642 350
525 321 642 379
525 350 642 409
525 379 642 438
525 409 642 467
525 438 642 496
525 467 642 525
525 496 642 555
525 525 642 584
525 555 642 613
525 584 642 642
525 613 642 672
525 642 642 701
525 672 642 730
525 701 642 759
525 730 642 788
525 759 642 818
525 788 642 847
525 818 642 876
525 847 642 905
525 876 642 935
525 905 642 964
525 935 642 993
555 0 672 58
555 29 672 87
555 58 672 116
555 87 672 146
555 116 672 175
555 146 672 204
555 175 672 233
555 204 672 262
555 233 672 292
555 262 672 321
555 292 672 350
555 321 672 379
555 350 672 409
555 379 672 438
555 409 672 467
555 438 672 496
555 467 672 525
555 496 672 555
555 525 672 584
555 555 672 613
555 584 672 642
555 613 672 672
555 642 672 701
555 672 672 730
555 701 672 759
555 730 672 788
555 759 672 818
555 788 672 847
555 818 672 876
555 847 672 905
555 876 672 935
555 905 672 964
555 935 672 993
584 0 701 58
584 29 701 87
584 58 701 116
584 87 701 146
584 116 701 175
584 146 701 204
584 175 701 233
584 204 701 262
584 233 701 292
584 262 701 321
584 292 701 350
584 321 701 379
584 350 701 409
584 379 701 438
584 409 701 467
584 438 701 496
584 467 701 525
584 496 701 555
584 525 701 584
584 555 701 613
584 584 701 642
584 613 701 672
584 642 701 701
584 672 701 730
584 701 701 759
584 730 701 788
584 759 701 818
584 788 701 847
584 818 701 876
584 847 701 905
584 876 701 935
584 905 701 964
584 935 701 993
613 0 730 58
613 29 730 87
613 58 730 116
613 87 730 146
613 116 730 175
613 146 730 204
613 175 730 233
613 204 730 262
613 233 730 292
613 262 730 321
613 292 730 350
613 321 730 379
613 350 730 409
613 379 730 438
613 409 730 467
613 438 730 496
613 467 730 525
613 496 730 555
613 525 730 584
613 555 730 613
613 584 730 642
613 613 730 672
613 642 730 701
613 672 730 730
613 701 730 759
613 730 730 788
613 759 730 818
613 788 730 847
613 818 730 876
613 847 730 905
613 876 730 935
613 905 730 964
613 935 730 993
642 0 759 58
642 29 759 87
642 58 759 116
642 87 759 146
642 116 759 175
642 146 759 204
642 175 759 233
642 204 759 262
642 233 759 292
642 262 759 321
642 292 759 350
642 321 759 379
642 350 759 409
642 379 759 438
642 409 759 467
642 438 759 496
642 467 759 525
642 496 759 555
642 525 759 584
642 555 759 613
642 584 759 642
642 613 759 672
642 642 759 701
642 672 759 730
642 701 759 759
642 730 759 788
642 759 759 818
642 788 759 847
642 818 759 876
642 847 759 905
642 876 759 935
642 905 759 964
642 935 759 993
672 0 788 58
672 29 788 87
672 58 788 116
672 87 788 146
672 116 788 175
672 146 788 204
672 175 788 233
672 204 788 262
672 233 788 292
672 262 788 321
672 292 788 350
672 321 788 379
672 350 788 409
672 379 788 438
672 409 788 467
672 438 788 496
672 467 788 525
672 496 788 555
672 525 788 584
672 555 788 613
672 584 788 642
672 613 788 672
672 642 788 701
672 672 788 730
672 701 788 759
672 730 788 788
672 759 788 818
672 788 788 847
672 818 788 876
672 847 788 905
672 876 788 935
672 905 788 964
672 935 788 993
701 0 818 58
701 29 818 87
701 58 818 116
701 87 818 146
701 116 818 175
701 146 818 204
701 175 818 233
701 204 818 262
701 233 818 292
701 262 818 321
701 292 818 350
701 321 818 379
701 350 818 409
701 379 818 438
701 409 818 467
701 438 818 496
701 467 818 525
701 496 818 555
701 525 818 584
701 555 818 613
701 584 818 642
701 613 818 672
701 642 818 701
701 672 818 730
701 701 818 759
701 730 818 788
701 759 818 818
701 788 818 847
701 818 818 876
701 847 818 905
701 876 818 935
701 905 818 964
701 935 818 993
730 0 847 58
730 29 847 87
730 58 847 116
730 87 847 146
730 116 847 175
730 146 847 204
730 175 847 233
730 204 847 262
730 233 847 292
730 262 847 321
730 292 847 350
730 321 847 379
730 350 847 409
730 379 847 438
730 409 847 467
730 438 847 496
730 467 847 525
730 496 847 555
730 525 847 584
730 555 847 613
730 584 847 642
730 613 847 672
730 642 847 701
730 672 847 730
730 701 847 759
730 730 847 788
730 759 847 818
730 788 847 847
730 818 847 876
730 847 847 905
730 876 847 935
730 905 847 964
730 935 847 993
759 0 876 58
759 29 876 87
759 58 876 116
759 87 876 146
759 116 876 175
759 146 876 204
759 175 876 233
759 204 876 262
759 233 876 292
759 262 876 321
759 292 876 350
759 321 876 379
759 350 876 409
759 379 876 438
759 409 876 467
759 438 876 496
759 467 876 525
759 496 876 555
759 525 876 584
759 555 876 613
759 584 876 642
759 613 876 672
759 642 876 701
759 672 876 730
759 701 876 759
759 730 876 788
759 759 876 818
759 788 876 847
759 818 876 876
759 847 876 905
759 876 876 935
759 905 876 964
759 935 876 993
788 0 905 58
788 29 905 87
788 58 905 116
788 87 905 146
788 116 905 175
788 146 905 204
788 175 905 233
788 204 905 262
788 233 905 292
788 262 905 321
788 292 905 350
788 321 905 379
788 350 905 409
788 379 905 438
788 409 905 467
788 438 905 496
788 467 905 525
788 496 905 555
788 525 905 584
788 555 905 613
788 584 905 642
788 613 905 672
788 642 905 701
788 672 905 730
788 701 905 759
788 730 905 788
788 759 905 818
788 788 905 847
788 818 905 876
788 847 905 905
788 876 905 935
788 905 905 964
788 935 905 993
0 0 58 116
0 29 58 146
0 58 58 175
0 87 58 204
0 116 58 233
0 146 58 262
0 175 58 292
0 204 58 321
0 233 58 350
0 262 58 379
0 292 58 409
0 321 58 438
0 350 58 467
0 379 58 496
0 409 58 525
0 438 58 555
0 467 58 584
0 496 58 613
0 525 58 642
0 555 58 672
0 584 58 701
0 613 58 730
0 642 58 759
0 672 58 788
0 701 58 818
0 730 58 847
0 759 58 876
0 788 58 905
0 818 58 935
0 847 58 964
0 876 58 993
29 0 87 116
29 29 87 146
29 58 87 175
29 87 87 204
29 116 87 233
29 146 87 262
29 175 87 292
29 204 87 321
29 233 87 350
29 262 87 379
29 292 87 409
29 321 87 438
29 350 87 467
29 379 87 496
29 409 87 525
29 438 87 555
29 467 87 584
29 496 87 613
29 525 87 642
29 555 87 672
29 584 87 701
29 613 87 730
29 642 87 759
29 672 87 788
29 701 87 818
29 730 87 847
29 759 87 876
29 788 87 905
29 818 87 935
29 847 87 964
29 876 87 993
58 0 116 116
58 29 116 146
58 58 116 175
58 87 116 204
58 116 116 233
58 146 116 262
58 175 116 292
58 204 116 321
58 233 116 350
58 262 116 379
58 292 116 409
58 321 116 438
58 350 116 467
58 379 116 496
58 409 116 525
58 438 116 555
58 467 116 584
58 496 116 613
58 525 116 642
58 555 116 672
58 584 116 701
58 613 116 730
58 642 116 759
58 672 116 788
58 701 116 818
58 730 116 847
58 759 116 876
58 788 116 905
58 818 116 935
58 847 116 964
58 876 116 993
87 0 146 116
87 29 146 146
87 58 146 175
87 87 146 204
87 116 146 233
87 146 146 262
87 175 146 292
87 204 146 321
87 233 146 350
87 262 146 379
87 292 146 409
87 321 146 438
87 350 146 467
87 379 146 496
87 409 146 525
87 438 146 555
87 467 146 584
87 496 146 613
87 525 146 642
87 555 146 672
87 584 146 701
87 613 146 730
87 642 146 759
87 672 146 788
87 701 146 818
87 730 146 847
87 759 146 876
87 788 146 905
87 818 146 935
87 847 146 964
87 876 146 993
116 0 175 116
116 29 175 146
116 58 175 175
116 87 175 204
116 116 175 233
116 146 175 262
116 175 175 292
116 204 175 321
116 233 175 350
116 262 175 379
116 292 175 409
116 321 175 438
116 350 175 467
116 379 175 496
116 409 175 525
116 438 175 555
116 467 175 584
116 496 175 613
116 525 175 642
116 555 175 672
116 584 175 701
116 613 175 730
116 642 175 759
116 672 175 788
116 701 175 818
116 730 175 847
116 759 175 876
116 788 175 905
116 818 175 935
116 847 175 964
116 876 175 993
146 0 204 116
146 29 204 146
146 58 204 175
146 87 204 204
146 116 204 233
146 146 204 262
146 175 204 292
146 204 204 321
146 233 204 350
146 262 204 379
146 292 204 409
146 321 204 438
146 350 204 467
146 379 204 496
146 409 204 525
146 438 204 555
146 467 204 584
146 496 204 613
146 525 204 642
146 555 204 672
146 584 204 701
146 613 204 730
146 642 204 759
146 672 204 788
146 701 204 818
146 730 204 847
146 759 204 876
146 788 204 905
146 818 204 935
146 847 204 964
146 876 204 993
175 0 233 116
175 29 233 146
175 58 233 175
175 87 233 204
175 116 233 233
175 146 233 262
175 175 233 292
175 204 233 321
175 233 233 350
175 262 233 379
175 292 233 409
175 321 233 438
175 350 233 467
175 379 233 496
175 409 233 525
175 438 233 555
175 467 233 584
175 496 233 613
175 525 233 642
175 555 233 672
175 584 233 701
175 613 233 730
175 642 233 759
175 672 233 788
175 701 233 818
175 730 233 847
175 759 233 876
175 788 233 905
175 818 233 935
175 847 233 964
175 876 233 993
204 0 262 116
204 29 262 146
204 58 262 175
204 87 262 204
204 116 262 233
204 146 262 262
204 175 262 292
204 204 262 321
204 233 262 350
204 262 262 379
204 292 262 409
204 321 262 438
204 350 262 467
204 379 262 496
204 409 262 525
204 438 262 555
204 467 262 584
204 496 262 613
204 525 262 642
204 555 262 672
204 584 262 701
204 613 262 730
204 642 262 759
204 672 262 788
204 701 262 818
204 730 262 847
204 759 262 876
204 788 262 905
204 818 262 935
204 847 262 964
204 876 262 993
233 0 292 116
233 29 292 146
233 58 292 175
233 87 292 204
233 116 292 233
233 146 292 262
233 175 292 292
233 204 292 321
233 233 292 350
233 262 292 379
233 292 292 409
233 321 292 438
233 350 292 467
233 379 292 496
233 409 292 525
233 438 292 555
233 467 292 584
233 496 292 613
233 525 292 642
233 555 292 672
233 584 292 701
233 613 292 730
233 642 292 759
233 672 292 788
233 701 292 818
233 730 292 847
233 759 292 876
233 788 292 905
233 818 292 935
233 847 292 964
233 876 292 993
262 0 321 116
262 29 321 146
262 58 321 175
262 87 321 204
262 116 321 233
262 146 321 262
262 175 321 292
262 204 321 321
262 233 321 350
262 262 321 379
262 292 321 409
262 321 321 438
262 350 321 467
262 379 321 496
262 409 321 525
262 438 321 555
262 467 321 584
262 496 321 613
262 525 321 642
262 555 321 672
262 584 321 701
262 613 321 730
262 642 321 759
262 672 321 788
262 701 321 818
262 730 321 847
262 759 321 876
262 788 321 905
262 818 321 935
262 847 321 964
262 876 321 993
292 0 350 116
292 29 350 146
292 58 350 175
292 87 350 204
292 116 350 233
292 146 350 262
292 175 350 292
292 204 350 321
292 233 350 350
292 262 350 379
292 292 350 409
292 321 350 438
292 350 350 467
292 379 350 496
292 409 350 525
292 438 350 555
292 467 350 584
292 496 350 613
292 525 350 642
292 555 350 672
292 584 350 701
292 613 350 730
292 642 350 759
292 672 350 788
292 701 350 818
292 730 350 847
292 759 350 876
292 788 350 905
292 818 350 935
292 847 350 964
292 876 350 993
321 0 379 116
321 29 379 146
321 58 379 175
321 87 379 204
321 116 379 233
321 146 379 262
321 175 379 292
321 204 379 321
321 233 379 350
321 262 379 379
321 292 379 409
321 321 379 438
321 350 379 467
321 379 379 496
321 409 379 525
321 438 379 555
321 467 379 584
321 496 379 613
321 525 379 642
321 555 379 672
321 584 379 701
321 613 379 730
321 642 379 759
321 672 379 788
321 701 379 818
321 730 379 847
321 759 379 876
321 788 379 905
321 818 379 935
321 847 379 964
321 876 379 993
350 0 409 116
350 29 409 146
350 58 409 175
350 87 409 204
350 116 409 233
350 146 409 262
350 175 409 292
350 204 409 321
350 233 409 350
350 262 409 379
350 292 409 409
350 321 409 438
350 350 409 467
350 379 409 496
350 409 409 525
350 438 409 555
350 467 409 584
350 496 409 613
350 525 409 642
350 555 409 672
350 584 409 701
350 613 409 730
350 642 409 759
350 672 409 788
350 701 409 818
350 730 409 847
350 759 409 876
350 788 409 905
350 818 409 935
350 847 409 964
350 876 409 993
379 0 438 116
379 29 438 146
379 58 438 175
379 87 438 204
379 116 438 233
379 146 438 262
379 175 438 292
379 204 438 321
379 233 438 350
379 262 438 379
379 292 438 409
379 321 438 438
379 350 438 467
379 379 438 496
379 409 438 525
379 438 438 555
379 467 438 584
379 496 438 613
379 525 438 642
379 555 438 672
379 584 438 701
379 613 438 730
379 642 438 759
379 672 438 788
379 701 438 818
379 730 438 847
379 759 438 876
379 788 438 905
379 818 438 935
379 847 438 964
379 876 438 993
409 0 467 116
409 29 467 146
409 58 467 175
409 87 467 204
409 116 467 233
409 146 467 262
409 175 467 292
409 204 467 321
409 233 467 350
409 262 467 379
409 292 467 409
409 321 467 438
409 350 467 467
409 379 467 496
409 409 467 525
409 438 467 555
409 467 467 584
409 496 467 613
409 525 467 642
409 555 467 672
409 584 467 701
409 613 467 730
409 642 467 759
409 672 467 788
409 701 467 818
409 730 467 847
409 759 467 876
409 788 467 905
409 818 467 935
409 847 467 964
409 876 467 993
438 0 496 116
438 29 496 146
438 58 496 175
438 87 496 204
438 116 496 233
438 146 496 262
438 175 496 292
438 204 496 321
438 233 496 350
438 262 496 379
438 292 496 409
438 321 496 438
438 350 496 467
438 379 496 496
438 409 496 525
438 438 496 555
438 467 496 584
438 496 496 613
438 525 496 642
438 555 496 672
438 584 496 701
438 613 496 730
438 642 496 759
438 672 496 788
438 701 496 818
438 730 496 847
438 759 496 876
438 788 496 905
438 818 496 935
438 847 496 964
438 876 496 993
467 0 525 116
467 29 525 146
467 58 525 175
467 87 525 204
467 116 525 233
467 146 525 262
467 175 525 292
467 204 525 321
467 233 525 350
467 262 525 379
467 292 525 409
467 321 525 438
467 350 525 467
467 379 525 496
467 409 525 525
467 438 525 555
467 467 525 584
467 496 525 613
467 525 525 642
467 555 525 672
467 584 525 701
467 613 525 730
467 642 525 759
467 672 525 788
467 701 525 818
467 730 525 847
467 759 525 876
467 788 525 905
467 818 525 935
467 847 525 964
467 876 525 993
496 0 555 116
496 29 555 146
496 58 555 175
496 87 555 204
496 116 555 233
496 146 555 262
496 175 555 292
496 204 555 321
496 233 555 350
496 262 555 379
496 292 555 409
496 321 555 438
496 350 555 467
496 379 555 496
496 409 555 525
496 438 555 555
496 467 555 584
496 496 555 613
496 525 555 642
496 555 555 672
496 584 555 701
496 613 555 730
496 642 555 759
496 672 555 788
496 701 555 818
496 730 555 847
496 759 555 876
496 788 555 905
496 818 555 935
496 847 555 964
496 876 555 993
525 0 584 116
525 29 584 146
525 58 584 175
525 87 584 204
525 116 584 233
525 146 584 262
525 175 584 292
525 204 584 321
525 233 584 350
525 262 584 379
525 292 584 409
525 321 584 438
525 350 584 467
525 379 584 496
525 409 584 525
525 438 584 555
525 467 584 584
525 496 584 613
525 525 584 642
525 555 584 672
525 584 584 701
525 613 584 730
525 642 584 759
525 672 584 788
525 701 584 818
525 730 584 847
525 759 584 876
525 788 584 905
525 818 584 935
525 847 584 964
525 876 584 993
555 0 613 116
555 29 613 146
555 58 613 175
555 87 613 204
555 116 613 233
555 146 613 262
555 175 613 292
555 204 613 321
555 233 613 350
555 262 613 379
555 292 613 409
555 321 613 438
555 350 613 467
555 379 613 496
555 409 613 525
555 438 613 555
555 467 613 584
555 496 613 613
555 525 613 642
555 555 613 672
555 584 613 701
555 613 613 730
555 642 613 759
555 672 613 788
555 701 613 818
555 730 613 847
555 759 613 876
555 788 613 905
555 818 613 935
555 847 613 964
555 876 613 993
584 0 642 116
584 29 642 146
584 58 642 175
584 87 642 204
584 116 642 233
584 146 642 262
584 175 642 292
584 204 642 321
584 233 642 350
584 262 642 379
584 292 642 409
584 321 642 438
584 350 642 467
584 379 642 496
584 409 642 525
584 438 642 555
584 467 642 584
584 496 642 613
584 525 642 642
584 555 642 672
584 584 642 701
584 613 642 730
584 642 642 759
584 672 642 788
584 701 642 818
584 730 642 847
584 759 642 876
584 788 642 905
584 818 642 935
584 847 642 964
584 876 642 993
613 0 672 116
613 29 672 146
613 58 672 175
613 87 672 204
613 116 672 233
613 146 672 262
613 175 672 292
613 204 672 321
613 233 672 350
613 262 672 379
613 292 672 409
613 321 672 438
613 350 672 467
613 379 672 496
613 409 672 525
613 438 672 555
613 467 672 584
613 496 672 613
613 525 672 642
613 555 672 672
613 584 672 701
613 613 672 730
613 642 672 759
613 672 672 788
613 701 672 818
613 730 672 847
613 759 672 876
613 788 672 905
613 818 672 935
613 847 672 964
613 876 672 993
642 0 701 116
642 29 701 146
642 58 701 175
642 87 701 204
642 116 701 233
642 146 701 262
642 175 701 292
642 204 701 321
642 233 701 350
642 262 701 379
642 292 701 409
642 321 701 438
642 350 701 467
642 379 701 496
642 409 701 525
642 438 701 555
642 467 701 584
642 496 701 613
642 525 701 642
642 555 701 672
642 584 701 701
642 613 701 730
642 642 701 759
642 672 701 788
642 701 701 818
642 730 701 847
642 759 701 876
642 788 701 905
642 818 701 935
642 847 701 964
642 876 701 993
672 0 730 116
672 29 730 146
672 58 730 175
672 87 730 204
672 116 730 233
672 146 730 262
672 175 730 292
672 204 730 321
672 233 730 350
672 262 730 379
672 292 730 409
672 321 730 438
672 350 730 467
672 379 730 496
672 409 730 525
672 438 730 555
672 467 730 584
672 496 730 613
672 525 730 642
672 555 730 672
672 584 730 701
672 613 730 730
672 642 730 759
672 672 730 788
672 701 730 818
672 730 730 847
672 759 730 876
672 788 730 905
672 818 730 935
672 847 730 964
672 876 730 993
701 0 759 116
701 29 759 146
701 58 759 175
701 87 759 204
701 116 759 233
701 146 759 262
701 175 759 292
701 204 759 321
701 233 759 350
701 262 759 379
701 292 759 409
701 321 759 438
701 350 759 467
701 379 759 496
701 409 759 525
701 438 759 555
701 467 759 584
701 496 759 613
701 525 759 642
701 555 759 672
701 584 759 701
701 613 759 730
701 642 759 759
701 672 759 788
701 701 759 818
701 730 759 847
701 759 759 876
701 788 759 905
701 818 759 935
701 847 759 964
701 876 759 993
730 0 788 116
730 29 788 146
730 58 788 175
730 87 788 204
730 116 788 233
730 146 788 262
730 175 788 292
730 204 788 321
730 233 788 350
730 262 788 379
730 292 788 409
730 321 788 438
730 350 788 467
730 379 788 496
730 409 788 525
730 438 788 555
730 467 788 584
730 496 788 613
730 525 788 642
730 555 788 672
730 584 788 701
730 613 788 730
730 642 788 759
730 672 788 788
730 701 788 818
730 730 788 847
730 759 788 876
730 788 788 905
730 818 788 935
730 847 788 964
730 876 788 993
759 0 818 116
759 29 818 146
759 58 818 175
759 87 818 204
759 116 818 233
759 146 818 262
759 175 818 292
759 204 818 321
759 233 818 350
759 262 818 379
759 292 818 409
759 321 818 438
759 350 818 467
759 379 818 496
759 409 818 525
759 438 818 555
759 467 818 584
759 496 818 613
759 525 818 642
759 555 818 672
759 584 818 701
759 613 818 730
759 642 818 759
759 672 818 788
759 701 818 818
759 730 818 847
759 759 818 876
759 788 818 905
759 818 818 935
759 847 818 964
759 876 818 993
788 0 847 116
788 29 847 146
788 58 847 175
788 87 847 204
788 116 847 233
788 146 847 262
788 175 847 292
788 204 847 321
788 233 847 350
788 262 847 379
788 292 847 409
788 321 847 438
788 350 847 467
788 379 847 496
788 409 847 525
788 438 847 555
788 467 847 584
788 496 847 613
788 525 847 642
788 555 847 672
788 584 847 701
788 613 847 730
788 642 847 759
788 672 847 788
788 701 847 818
788 730 847 847
788 759 847 876
788 788 847 905
788 818 847 935
788 847 847 964
788 876 847 993
818 0 876 116
818 29 876 146
818 58 876 175
818 87 876 204
818 116 876 233
818 146 876 262
818 175 876 292
818 204 876 321
818 233 876 350
818 262 876 379
818 292 876 409
818 321 876 438
818 350 876 467
818 379 876 496
818 409 876 525
818 438 876 555
818 467 876 584
818 496 876 613
818 525 876 642
818 555 876 672
818 584 876 701
818 613 876 730
818 642 876 759
818 672 876 788
818 701 876 818
818 730 876 847
818 759 876 876
818 788 876 905
818 818 876 935
818 847 876 964
818 876 876 993
847 0 905 116
847 29 905 146
847 58 905 175
847 87 905 204
847 116 905 233
847 146 905 262
847 175 905 292
847 204 905 321
847 233 905 350
847 262 905 379
847 292 905 409
847 321 905 438
847 350 905 467
847 379 905 496
847 409 905 525
847 438 905 555
847 467 905 584
847 496 905 613
847 525 905 642
847 555 905 672
847 584 905 701
847 613 905 730
847 642 905 759
847 672 905 788
847 701 905 818
847 730 905 847
847 759 905 876
847 788 905 905
847 818 905 935
847 847 905 964
847 876 905 993
